0
seed7/2
seed7/3
seed7/6
seed7/7
seed7/9
seed7/11
seed7/12
seed7/14
seed7/15
seed7/16
seed7/18
seed7/19
seed7/20
seed7/21
seed7/22
seed7/26
seed7/29
seed7/36
seed7/45
seed7/57
seed7/66
seed7/72
seed7/87
