Time,Accumulated All,Accumulated Acceptable,Accumulated Unacceptable
4,0,0,0
5,0,0,0
6,0,0,0
7,0,0,0
8,0,0,0
9,1,0,1
10,2,1,1
11,3,2,1
12,3,2,1
14,3,2,1
15,3,2,1
16,3,2,1
17,3,2,1
18,3,2,1
20,4,2,2
22,7,3,4
23,8,3,5
24,9,3,6
26,10,4,6
27,10,4,6
28,11,5,6
29,12,6,6
30,12,6,6
31,13,6,7
32,13,6,7
34,14,7,7
35,14,7,7
36,14,7,7
37,15,8,7
38,16,9,7
40,17,9,8
41,18,10,8
42,18,10,8
43,18,10,8
44,21,12,9
46,21,12,9
47,21,12,9
48,21,12,9
49,21,12,9
50,21,12,9
51,21,12,9
52,21,12,9
53,21,12,9
54,21,12,9
55,22,13,9
56,22,13,9
58,24,13,11
59,25,14,11
60,25,14,11
61,25,14,11
62,26,14,12
64,26,14,12
65,27,14,13
66,27,14,13
67,27,14,13
68,28,15,13
69,28,15,13
71,28,15,13
72,28,15,13
73,28,15,13
74,28,15,13
75,28,15,13
76,29,15,14
77,29,15,14
78,30,15,15
79,31,16,15
80,31,16,15
82,31,16,15
85,31,16,15
86,32,17,15
88,33,17,16
90,33,17,16
91,33,17,16
92,35,19,16
93,35,19,16
94,35,19,16
96,35,19,16
98,37,19,18
99,38,20,18
100,39,20,19
103,40,20,20
104,40,20,20
105,42,20,22
106,42,20,22
107,42,20,22
110,42,20,22
112,43,20,23
113,43,20,23
114,44,21,23
115,44,21,23
117,45,21,24
119,46,21,25
120,46,21,25
121,46,21,25
123,46,21,25
124,47,21,26
126,47,21,26
128,48,21,27
129,48,21,27
130,49,22,27
132,50,22,28
135,50,22,28
137,50,22,28
138,50,22,28
139,50,22,28
142,50,22,28
143,51,22,29
144,52,22,30
146,53,22,31
148,53,22,31
149,53,22,31
151,53,22,31
153,53,22,31
156,53,22,31
157,54,23,31
158,54,23,31
160,56,24,32
163,57,24,33
164,58,24,34
165,58,24,34
168,58,24,34
169,58,24,34
170,58,24,34
171,59,25,34
173,59,25,34
175,59,25,34
176,59,25,34
178,59,25,34
181,59,25,34
183,59,25,34
184,59,25,34
186,61,26,35
187,61,26,35
190,61,26,35
191,61,26,35
192,62,26,36
193,62,26,36
194,62,26,36
198,62,26,36
199,62,26,36
200,62,26,36
201,62,26,36
205,62,26,36
206,63,26,37
207,63,26,37
208,63,26,37
213,63,26,37
214,63,26,37
215,65,26,39
216,68,26,42
220,68,26,42
221,68,26,42
223,68,26,42
224,68,26,42
225,69,26,43
227,69,26,43
228,69,26,43
231,70,26,44
232,71,26,45
234,72,26,46
235,72,26,46
240,74,26,48
241,74,26,48
243,74,26,48
248,74,26,48
249,75,27,48
250,75,27,48
253,75,27,48
256,76,27,49
257,77,27,50
262,77,27,50
264,77,27,50
265,77,27,50
266,77,27,50
270,77,27,50
272,77,27,50
275,78,27,51
278,78,27,51
280,79,27,52
282,79,27,52
283,79,27,52
286,79,27,52
288,79,27,52
290,79,27,52
293,80,27,53
297,80,27,53
298,80,27,53
301,80,27,53
304,80,27,53
306,80,27,53
308,80,27,53
310,80,27,53
312,80,27,53
315,80,27,53
317,81,27,54
319,81,27,54
324,81,27,54
325,81,27,54
326,81,27,54
333,81,27,54
334,84,27,57
342,85,27,58
343,85,27,58
350,85,27,58
351,85,27,58
358,86,27,59
359,87,27,60
366,87,27,60
367,88,27,61
368,88,27,61
374,88,27,61
376,89,27,62
384,90,27,63
385,90,27,63
393,90,27,63
394,91,27,64
400,91,27,64
401,91,27,64
404,91,27,64
409,91,27,64
411,91,27,64
413,92,27,65
417,92,27,65
420,92,27,65
422,93,27,66
424,93,27,66
431,93,27,66
434,93,27,66
440,93,27,66
442,93,27,66
449,93,27,66
450,93,27,66
458,93,27,66
459,93,27,66
468,94,27,67
477,94,27,67
478,94,27,67
486,94,27,67
487,94,27,67
488,94,27,67
495,95,27,68
496,96,27,69
497,96,27,69
504,96,27,69
506,96,27,69
507,96,27,69
514,96,27,69
516,96,27,69
523,97,27,70
525,98,27,71
532,98,27,71
534,98,27,71
543,99,27,72
544,99,27,72
552,99,27,72
562,99,27,72
563,101,27,74
570,101,27,74
572,101,27,74
578,101,27,74
583,101,27,74
593,101,27,74
603,102,27,75
614,103,27,76
624,104,27,77
634,105,27,78
645,107,27,80
656,108,27,81
667,108,27,81
678,109,27,82
688,110,27,83
700,111,27,84
710,111,27,84
721,112,27,85
956,112,27,85
963,113,27,86
965,113,27,86
969,113,27,86
973,113,27,86
976,113,27,86
981,113,27,86
984,114,28,86
989,115,29,86
991,117,30,87
996,117,30,87
997,117,30,87
1000,117,30,87
1003,117,30,87
1007,117,30,87
1010,117,30,87
1011,118,30,88
1014,118,30,88
1017,118,30,88
1018,119,30,89
1019,119,30,89
1022,119,30,89
1024,119,30,89
1025,119,30,89
1027,119,30,89
1028,119,30,89
1031,119,30,89
1033,119,30,89
1034,119,30,89
1036,119,30,89
1038,120,31,89
1040,121,31,90
1043,121,31,90
1046,122,32,90
1049,122,32,90
1051,122,32,90
1054,122,32,90
1057,122,32,90
1059,122,32,90
1060,122,32,90
1061,122,32,90
1066,122,32,90
1067,122,32,90
1068,122,32,90
1069,122,32,90
1073,122,32,90
1075,122,32,90
1076,124,33,91
1077,125,34,91
1082,125,34,91
1083,125,34,91
1085,125,34,91
1090,125,34,91
1091,125,34,91
1092,125,34,91
1093,126,35,91
1098,126,35,91
1100,127,35,92
1107,127,35,92
1108,127,35,92
1114,127,35,92
1115,128,36,92
1116,128,36,92
1122,128,36,92
1123,128,36,92
1125,129,36,93
1130,130,37,93
1131,130,37,93
1134,130,37,93
1138,130,37,93
1139,130,37,93
1142,132,38,94
1144,132,38,94
1146,133,39,94
1147,133,39,94
1152,134,39,95
1154,134,39,95
1156,134,39,95
1159,134,39,95
1160,134,39,95
1161,136,39,97
1165,136,39,97
1167,136,39,97
1169,136,39,97
1171,137,39,98
1174,139,39,100
1176,139,39,100
1177,139,39,100
1180,139,39,100
1181,139,39,100
1182,139,39,100
1184,139,39,100
1185,140,40,100
1187,141,40,101
1189,141,40,101
1192,144,40,104
1195,144,40,104
1196,144,40,104
1199,144,40,104
1201,144,40,104
1203,144,40,104
1204,144,40,104
1205,144,40,104
1206,144,40,104
1208,145,40,105
1211,145,40,105
1212,145,40,105
1214,145,40,105
1215,145,40,105
1216,145,40,105
1219,145,40,105
1220,145,40,105
1222,145,40,105
1226,145,40,105
1227,145,40,105
1230,145,40,105
1235,145,40,105
1236,147,40,107
1239,147,40,107
1240,147,40,107
1244,147,40,107
1245,148,40,108
1248,148,40,108
1250,149,40,109
1251,150,40,110
1252,150,40,110
1254,150,40,110
1257,150,40,110
1259,150,40,110
1260,151,40,111
1261,151,40,111
1262,151,40,111
1266,152,40,112
1268,152,40,112
1270,152,40,112
1271,152,40,112
1274,153,40,113
1277,154,40,114
1279,154,40,114
1280,154,40,114
1281,155,40,115
1285,155,40,115
1287,155,40,115
1289,156,41,115
1290,156,41,115
1294,157,41,116
1297,160,41,119
1298,162,41,121
1299,162,41,121
1301,162,41,121
1302,163,41,122
1305,163,41,122
1307,163,41,122
1308,163,41,122
1311,163,41,122
1314,163,41,122
1316,163,41,122
1319,163,41,122
1320,163,41,122
1322,163,41,122
1323,163,41,122
1324,164,41,123
1329,164,41,123
1332,164,41,123
1333,165,41,124
1337,165,41,124
1340,165,41,124
1342,165,41,124
1346,165,41,124
1348,165,41,124
1351,166,41,125
1353,166,41,125
1354,166,41,125
1358,167,41,126
1359,167,41,126
1362,167,41,126
1366,167,41,126
1369,168,41,127
1371,168,41,127
1375,168,41,127
1376,168,41,127
1378,170,41,129
1380,170,41,129
1385,170,41,129
1386,171,41,130
1387,173,41,132
1389,173,41,132
1394,175,41,134
1396,175,41,134
1397,175,41,134
1403,175,41,134
1405,176,41,135
1408,177,41,136
1410,177,41,136
1413,178,41,137
1418,178,41,137
1419,179,41,138
1422,181,41,140
1425,182,41,141
1427,183,41,142
1428,183,41,142
1432,183,41,142
1433,183,41,142
1437,183,41,142
1438,183,41,142
1439,183,41,142
1441,184,41,143
1444,184,41,143
1446,184,41,143
1447,185,41,144
1450,185,41,144
1453,185,41,144
1457,187,41,146
1459,187,41,146
1462,188,41,147
1467,188,41,147
1469,188,41,147
1472,188,41,147
1473,189,41,148
1476,189,41,148
1477,190,41,149
1482,191,41,150
1484,191,41,150
1486,191,41,150
1487,191,41,150
1488,191,41,150
1492,191,41,150
1495,191,41,150
1496,191,41,150
1498,191,41,150
1502,191,41,150
1504,191,41,150
1506,192,41,151
1508,192,41,151
1509,193,41,152
1513,193,41,152
1517,193,41,152
1521,194,41,153
1523,195,41,154
1527,195,41,154
1528,195,41,154
1529,195,41,154
1532,195,41,154
1533,196,41,155
1534,196,41,155
1538,196,41,155
1541,197,41,156
1544,199,41,158
1548,199,41,158
1550,199,41,158
1551,199,41,158
1552,199,41,158
1554,199,41,158
1555,201,41,160
1558,201,41,160
1560,201,41,160
1563,201,41,160
1565,201,41,160
1566,201,41,160
1568,201,41,160
1570,201,41,160
1571,201,41,160
1575,203,41,162
1576,203,41,162
1577,204,41,163
1579,204,41,163
1581,204,41,163
1586,204,41,163
1588,206,41,165
1589,206,41,165
1593,206,41,165
1598,206,41,165
1599,207,41,166
1600,208,41,167
1604,209,41,168
1605,209,41,168
1609,210,41,169
1610,210,41,169
1611,211,41,170
1615,211,41,170
1616,211,41,170
1620,212,41,171
1621,212,41,171
1623,212,41,171
1626,212,41,171
1627,212,41,171
1631,212,41,171
1632,216,41,175
1634,216,41,175
1638,216,41,175
1639,216,41,175
1640,216,41,175
1642,217,41,176
1643,217,41,176
1644,217,41,176
1647,217,41,176
1650,217,41,176
1651,217,41,176
1655,219,41,178
1658,220,41,179
1661,220,41,179
1664,220,41,179
1666,220,41,179
1667,220,41,179
1668,222,41,181
1669,222,41,181
1672,222,41,181
1673,223,41,182
1677,223,41,182
1679,224,41,183
1681,224,41,183
1684,224,41,183
1688,224,41,183
1690,225,41,184
1691,225,41,184
1695,227,41,186
1700,228,41,187
1702,228,41,187
1706,228,41,187
1707,228,41,187
1711,228,41,187
1712,229,41,188
1713,229,41,188
1714,229,41,188
1715,230,41,189
1717,230,41,189
1718,230,41,189
1722,230,41,189
1725,230,41,189
1726,231,41,190
1727,231,41,190
1729,232,41,191
1735,232,41,191
1736,233,41,192
1737,235,41,194
1738,235,41,194
1740,235,41,194
1747,235,41,194
1748,235,41,194
1749,236,41,195
1750,236,41,195
1751,236,41,195
1752,237,41,196
1758,238,41,197
1759,238,41,197
1761,239,41,198
1762,240,41,199
1763,240,41,199
1765,240,41,199
1769,240,41,199
1771,240,41,199
1773,240,41,199
1774,240,41,199
1775,241,41,200
1777,241,41,200
1783,241,41,200
1785,241,41,200
1787,241,41,200
1789,241,41,200
1794,241,41,200
1796,241,41,200
1799,241,41,200
1801,241,41,200
1807,241,41,200
1809,241,41,200
1811,244,41,203
1818,244,41,203
1822,244,41,203
1823,245,41,204
1824,245,41,204
1830,245,41,204
1834,245,41,204
1835,245,41,204
1836,246,41,205
1841,246,41,205
1846,247,41,206
1847,247,41,206
1848,247,41,206
1850,247,41,206
1853,247,41,206
1857,247,41,206
1859,248,41,207
1863,248,41,207
1868,249,41,208
1871,249,41,208
1875,249,41,208
1876,249,41,208
1880,249,41,208
1884,249,41,208
1888,249,41,208
1891,249,41,208
1893,249,41,208
1897,249,41,208
1901,249,41,208
1902,249,41,208
1906,249,41,208
1909,249,41,208
1913,249,41,208
1914,249,41,208
1919,249,41,208
1924,249,41,208
1925,249,41,208
1931,249,41,208
1936,249,41,208
1939,249,41,208
1945,249,41,208
1946,249,41,208
1951,249,41,208
1957,249,41,208
1958,249,41,208
1965,249,41,208
1969,250,41,209
1971,251,41,210
1979,251,41,210
1980,252,41,211
1984,252,41,211
1992,252,41,211
1996,252,41,211
2004,252,41,211
2006,252,41,211
2009,252,41,211
2015,252,41,211
2021,253,41,212
2026,254,41,213
2035,254,41,213
2036,254,41,213
2038,254,41,213
2045,254,41,213
2049,254,41,213
2050,254,41,213
2057,254,41,213
2061,254,41,213
2063,254,41,213
2069,254,41,213
2071,254,41,213
2075,254,41,213
2080,254,41,213
2083,254,41,213
2090,254,41,213
2092,255,41,214
2095,255,41,214
2105,255,41,214
2106,255,41,214
2117,255,41,214
2119,256,41,215
2121,257,41,216
2123,257,41,216
2130,258,41,217
2134,259,41,218
2135,259,41,218
2140,259,41,218
2142,260,41,219
2147,260,41,219
2149,260,41,219
2155,261,41,220
2159,261,41,220
2162,262,41,221
2164,262,41,221
2167,262,41,221
2175,263,41,222
2176,263,41,222
2179,263,41,222
2183,264,41,223
2184,264,41,223
2190,264,41,223
2192,264,41,223
2193,267,41,226
2202,267,41,226
2203,268,41,227
2204,269,41,228
2208,269,41,228
2211,269,41,228
2212,269,41,228
2214,269,41,228
2218,269,41,228
2220,269,41,228
2221,269,41,228
2222,269,41,228
2227,270,41,229
2228,271,42,229
2230,271,42,229
2232,271,42,229
2235,271,42,229
2237,271,42,229
2239,271,42,229
2241,271,42,229
2247,271,42,229
2249,271,42,229
2250,271,42,229
2257,272,43,229
2259,272,43,229
2262,272,43,229
2264,272,43,229
2268,272,43,229
2276,272,43,229
2277,273,43,230
2284,273,43,230
2288,273,43,230
2292,274,43,231
2298,274,43,231
2300,275,43,232
2301,276,43,233
2308,278,43,235
2311,278,43,235
2318,279,43,236
2322,279,43,236
2323,281,43,238
2329,281,43,238
2335,281,43,238
2338,283,43,240
2350,285,45,240
2351,285,45,240
2352,285,45,240
2359,286,45,241
2365,286,45,241
2367,286,45,241
2370,287,45,242
2379,287,45,242
2381,287,45,242
2390,287,45,242
2392,287,45,242
2395,287,45,242
2398,287,45,242
2400,287,45,242
2407,289,45,244
2409,289,45,244
2412,289,45,244
2421,289,45,244
2422,290,46,244
2423,290,46,244
2426,291,46,245
2434,291,46,245
2436,291,46,245
2438,291,46,245
2441,291,46,245
2444,291,46,245
2449,291,46,245
2451,291,46,245
2456,291,46,245
2457,291,46,245
2463,291,46,245
2466,291,46,245
2467,291,46,245
2472,291,46,245
2478,292,46,246
2479,292,46,246
2484,292,46,246
2488,293,46,247
2489,293,46,247
2492,293,46,247
2500,293,46,247
2504,293,46,247
2507,293,46,247
2510,293,46,247
2518,294,46,248
2521,294,46,248
2522,295,46,249
2532,295,46,249
2534,295,46,249
2538,295,46,249
2543,295,46,249
2549,296,46,250
2551,296,46,250
2553,296,46,250
2556,296,46,250
2565,296,46,250
2566,296,46,250
2573,296,46,250
2576,296,46,250
2580,297,46,251
2582,297,46,251
2587,297,46,251
2593,297,46,251
2595,298,46,252
2597,298,46,252
2608,298,46,252
2611,298,46,252
2612,298,46,252
2619,298,46,252
2625,298,46,252
2627,298,46,252
2629,298,46,252
2631,298,46,252
2632,298,46,252
2640,300,46,254
2643,301,46,255
2651,301,46,255
2652,301,46,255
2655,301,46,255
2657,301,46,255
2663,301,46,255
2666,301,46,255
2670,302,46,256
2672,302,46,256
2673,302,46,256
2674,302,46,256
2676,302,46,256
2686,302,46,256
2687,302,46,256
2688,303,46,257
2691,303,46,257
2696,303,46,257
2699,304,46,258
2700,304,46,258
2701,304,46,258
2704,304,46,258
2708,304,46,258
2711,304,46,258
2712,304,46,258
2717,304,46,258
2720,304,46,258
2723,304,46,258
2732,305,46,259
2733,305,46,259
2735,305,46,259
2736,305,46,259
2745,305,46,259
2747,305,46,259
2752,305,46,259
2753,305,46,259
2755,305,46,259
2756,307,46,261
2759,308,46,262
2764,309,46,263
2767,309,46,263
2768,309,46,263
2769,309,46,263
2771,310,46,264
2773,310,46,264
2779,310,46,264
2780,312,46,266
2784,312,46,266
2785,312,46,266
2789,312,46,266
2791,312,46,266
2793,312,46,266
2794,312,46,266
2796,313,46,267
2802,313,46,267
2803,313,46,267
2804,313,46,267
2805,313,46,267
2810,314,46,268
2814,314,46,268
2815,315,46,269
2816,315,46,269
2818,315,46,269
2819,315,46,269
2823,315,46,269
2826,315,46,269
2827,315,46,269
2828,315,46,269
2831,315,46,269
2834,315,46,269
2836,315,46,269
2840,315,46,269
2841,315,46,269
2845,315,46,269
2849,315,46,269
2850,315,46,269
2851,315,46,269
2852,315,46,269
2855,315,46,269
2856,315,46,269
2858,315,46,269
2862,315,46,269
2864,315,46,269
2870,315,46,269
2872,315,46,269
2875,315,46,269
2876,315,46,269
2877,315,46,269
2879,315,46,269
2881,315,46,269
2884,315,46,269
2887,315,46,269
2888,316,46,270
2894,317,46,271
2895,317,46,271
2897,317,46,271
2899,317,46,271
2901,318,46,272
2902,318,46,272
2904,318,46,272
2906,318,46,272
2907,318,46,272
2908,318,46,272
2914,318,46,272
2915,318,46,272
2918,318,46,272
2919,318,46,272
2920,318,46,272
2923,318,46,272
2924,318,46,272
2927,318,46,272
2929,318,46,272
2933,318,46,272
2935,318,46,272
2937,318,46,272
2940,318,46,272
2941,318,46,272
2943,318,46,272
2947,318,46,272
2952,319,46,273
2954,319,46,273
2958,319,46,273
2961,320,46,274
2963,320,46,274
2966,321,46,275
2967,321,46,275
2968,321,46,275
2971,321,46,275
2979,321,46,275
2980,321,46,275
2981,321,46,275
2985,321,46,275
2986,321,46,275
2995,321,46,275
2996,321,46,275
3002,321,46,275
3005,321,46,275
3008,321,46,275
3014,321,46,275
3019,321,46,275
3021,321,46,275
3026,321,46,275
3032,321,46,275
3034,321,46,275
3035,321,46,275
3046,321,46,275
3048,323,46,277
3050,323,46,277
3051,323,46,277
3062,323,46,277
3067,323,46,277
3069,323,46,277
3075,323,46,277
3083,323,46,277
3088,323,46,277
3094,323,46,277
3100,323,46,277
3102,323,46,277
3115,323,46,277
3116,323,46,277
3130,323,46,277
3132,323,46,277
3139,323,46,277
3143,323,46,277
3148,323,46,277
3152,323,46,277
3158,323,46,277
3161,323,46,277
3165,323,46,277
3172,323,46,277
3182,323,46,277
3183,323,46,277
3186,324,46,278
3193,324,46,278
3195,324,46,278
3200,324,46,278
3205,324,46,278
3206,324,46,278
3214,325,46,279
3217,325,46,279
3222,325,46,279
3231,326,46,280
3233,326,46,280
3239,326,46,280
3246,326,46,280
3250,326,46,280
3257,326,46,280
3267,326,46,280
3276,326,46,280
3279,326,46,280
3283,326,46,280
3287,326,46,280
3296,326,46,280
3300,326,46,280
3302,326,46,280
3308,326,46,280
3317,326,46,280
3319,326,46,280
3325,326,46,280
3330,326,46,280
3335,326,46,280
3341,326,46,280
3347,326,46,280
3351,326,46,280
3352,326,46,280
3361,326,46,280
3370,326,46,280
3371,326,46,280
3388,326,46,280
3394,326,46,280
3406,326,46,280
3417,326,46,280
3424,326,46,280
3442,326,46,280
3460,326,46,280
3464,326,46,280
3478,326,46,280
3486,326,46,280
3496,326,46,280
3508,326,46,280
3514,326,46,280
3529,326,46,280
3549,326,46,280
3571,326,46,280
3591,326,46,280
3613,326,46,280
3634,326,46,280
3658,326,46,280
3680,326,46,280
3701,326,46,280
3724,326,46,280
3745,326,46,280
3766,326,46,280
3788,326,46,280
3813,326,46,280
3839,326,46,280
3842,328,46,282
3844,328,46,282
3856,328,46,282
3859,328,46,282
3864,328,46,282
3869,328,46,282
3875,328,46,282
3883,329,46,283
3884,330,46,284
3888,330,46,284
3889,330,46,284
3895,331,46,285
3896,331,46,285
3898,331,46,285
3903,331,46,285
3909,331,46,285
3911,331,46,285
3913,331,46,285
3917,332,46,286
3923,332,46,286
3925,332,46,286
3927,332,46,286
3933,332,46,286
3936,332,46,286
3938,332,46,286
3939,332,46,286
3942,332,46,286
3948,332,46,286
3949,332,46,286
3951,332,46,286
3957,332,46,286
3963,332,46,286
3964,332,46,286
3971,332,46,286
3975,332,46,286
3976,332,46,286
3981,332,46,286
3986,332,46,286
3988,332,46,286
3989,332,46,286
3993,332,46,286
3997,332,46,286
4001,332,46,286
4002,332,46,286
4004,332,46,286
4008,332,46,286
4014,332,46,286
4015,332,46,286
4016,332,46,286
4018,332,46,286
4021,332,46,286
4027,332,46,286
4028,332,46,286
4030,332,46,286
4031,332,46,286
4032,332,46,286
4042,332,46,286
4045,333,46,287
4046,333,46,287
4049,333,46,287
4055,333,46,287
4059,333,46,287
4060,333,46,287
4064,333,46,287
4065,333,46,287
4070,333,46,287
4072,333,46,287
4073,334,46,288
4076,334,46,288
4083,334,46,288
4086,334,46,288
4088,334,46,288
4097,334,46,288
4099,334,46,288
4100,334,46,288
4102,334,46,288
4103,334,46,288
4111,335,46,289
4112,335,46,289
4114,335,46,289
4116,335,46,289
4117,335,46,289
4121,335,46,289
4125,336,46,290
4126,336,46,290
4128,336,46,290
4129,336,46,290
4131,336,46,290
4134,336,46,290
4138,336,46,290
4139,337,46,291
4143,337,46,291
4145,337,46,291
4150,337,46,291
4152,337,46,291
4153,337,46,291
4155,337,46,291
4157,337,46,291
4160,337,46,291
4161,337,46,291
4162,337,46,291
4166,337,46,291
4169,337,46,291
4171,337,46,291
4172,337,46,291
4176,337,46,291
4177,337,46,291
4178,337,46,291
4181,337,46,291
4183,337,46,291
4185,337,46,291
4191,337,46,291
4192,338,46,292
4193,338,46,292
4196,338,46,292
4198,339,46,293
4200,339,46,293
4203,339,46,293
4205,339,46,293
4206,339,46,293
4207,341,46,295
4208,341,46,295
4212,341,46,295
4213,341,46,295
4217,341,46,295
4218,341,46,295
4219,341,46,295
4222,341,46,295
4223,341,46,295
4228,342,46,296
4229,342,46,296
4234,342,46,296
4235,343,46,297
4237,343,46,297
4239,344,46,298
4240,344,46,298
4242,345,46,299
4249,345,46,299
4251,345,46,299
4252,345,46,299
4255,345,46,299
4256,345,46,299
4257,345,46,299
4264,347,46,301
4265,347,46,301
4269,347,46,301
4271,347,46,301
4276,347,46,301
4277,347,46,301
4279,347,46,301
4282,347,46,301
4285,349,46,303
4287,349,46,303
4291,349,46,303
4292,349,46,303
4294,349,46,303
4297,349,46,303
4298,350,46,304
4299,350,46,304
4302,350,46,304
4303,350,46,304
4306,350,46,304
4308,350,46,304
4309,351,46,305
4313,351,46,305
4314,351,46,305
4317,351,46,305
4320,351,46,305
4321,351,46,305
4323,351,46,305
4324,351,46,305
4331,351,46,305
4335,351,46,305
4336,352,46,306
4337,352,46,306
4338,352,46,306
4344,354,46,308
4345,354,46,308
4350,354,46,308
4352,354,46,308
4353,354,46,308
4354,354,46,308
4356,354,46,308
4357,354,46,308
4365,355,46,309
4367,355,46,309
4372,355,46,309
4377,355,46,309
4380,355,46,309
4381,355,46,309
4382,355,46,309
4389,355,46,309
4395,356,46,310
4396,356,46,310
4398,356,46,310
4399,356,46,310
4407,356,46,310
4408,356,46,310
4411,357,46,311
4413,357,46,311
4414,357,46,311
4416,357,46,311
4425,357,46,311
4426,358,46,312
4432,358,46,312
4434,358,46,312
4436,358,46,312
4437,358,46,312
4439,358,46,312
4441,358,46,312
4442,358,46,312
4448,358,46,312
4452,358,46,312
4457,358,46,312
4459,358,46,312
4463,358,46,312
4464,358,46,312
4465,358,46,312
4472,359,46,313
4477,359,46,313
4478,359,46,313
4480,359,46,313
4487,360,46,314
4492,360,46,314
4495,360,46,314
4496,361,46,315
4498,361,46,315
4502,362,46,316
4505,362,46,316
4512,362,46,316
4515,362,46,316
4517,362,46,316
4518,363,46,317
4521,363,46,317
4531,363,46,317
4532,363,46,317
4538,363,46,317
4545,363,46,317
4546,365,46,319
4550,365,46,319
4551,365,46,319
4558,365,46,319
4559,365,46,319
4568,365,46,319
4570,365,46,319
4571,365,46,319
4572,365,46,319
4573,365,46,319
4577,365,46,319
4583,365,46,319
4588,365,46,319
4589,365,46,319
4596,365,46,319
4599,365,46,319
4604,366,46,320
4605,366,46,320
4606,366,46,320
4610,366,46,320
4618,366,46,320
4621,366,46,320
4624,366,46,320
4626,366,46,320
4635,367,46,321
4636,367,46,321
4640,367,46,321
4644,367,46,321
4649,367,46,321
4650,367,46,321
4654,367,46,321
4659,367,46,321
4661,367,46,321
4664,367,46,321
4665,367,46,321
4675,367,46,321
4677,367,46,321
4681,367,46,321
4682,367,46,321
4683,367,46,321
4684,367,46,321
4690,367,46,321
4694,367,46,321
4696,367,46,321
4704,367,46,321
4706,367,46,321
4710,367,46,321
4712,367,46,321
4717,367,46,321
4724,367,46,321
4726,367,46,321
4729,368,46,322
4731,368,46,322
4736,368,46,322
4741,368,46,322
4743,368,46,322
4745,368,46,322
4746,368,46,322
4751,368,46,322
4755,368,46,322
4758,368,46,322
4763,368,46,322
4764,368,46,322
4765,368,46,322
4770,369,46,323
4772,369,46,323
4773,369,46,323
4785,370,46,324
4787,370,46,324
4791,370,46,324
4793,370,46,324
4799,370,46,324
4800,370,46,324
4801,370,46,324
4806,370,46,324
4813,370,46,324
4815,370,46,324
4819,370,46,324
4820,370,46,324
4825,370,46,324
4827,370,46,324
4830,370,46,324
4836,370,46,324
4838,370,46,324
4841,370,46,324
4843,370,46,324
4847,371,46,325
4850,371,46,325
4855,371,46,325
4857,371,46,325
4858,371,46,325
4861,371,46,325
4865,371,46,325
4869,371,46,325
4876,372,46,326
4878,372,46,326
4879,372,46,326
4884,372,46,326
4885,372,46,326
4892,372,46,326
4896,372,46,326
4898,372,46,326
4901,372,46,326
4904,372,46,326
4907,372,46,326
4909,372,46,326
4911,372,46,326
4919,372,46,326
4923,372,46,326
4924,372,46,326
4926,372,46,326
4935,372,46,326
4938,372,46,326
4942,372,46,326
4944,372,46,326
4946,372,46,326
4954,372,46,326
4957,372,46,326
4959,372,46,326
4963,372,46,326
4966,372,46,326
4968,372,46,326
4975,372,46,326
4976,372,46,326
4983,372,46,326
4986,372,46,326
4991,372,46,326
4995,372,46,326
4996,372,46,326
4998,372,46,326
5006,372,46,326
5007,372,46,326
5012,372,46,326
5014,372,46,326
5016,372,46,326
5022,372,46,326
5025,372,46,326
5027,372,46,326
5029,372,46,326
5035,372,46,326
5037,372,46,326
5038,372,46,326
5044,372,46,326
5045,372,46,326
5053,372,46,326
5057,372,46,326
5058,372,46,326
5065,372,46,326
5070,372,46,326
5074,372,46,326
5079,373,46,327
5080,373,46,327
5082,373,46,327
5083,373,46,327
5087,373,46,327
5100,373,46,327
5102,373,46,327
5103,373,46,327
5112,373,46,327
5122,373,46,327
5123,373,46,327
5124,374,46,328
5126,374,46,328
5138,374,46,328
5143,374,46,328
5144,374,46,328
5145,374,46,328
5148,374,46,328
5156,374,46,328
5162,374,46,328
5167,376,46,330
5169,376,46,330
5171,376,46,330
5174,376,46,330
5179,376,46,330
5187,376,46,330
5188,376,46,330
5191,376,46,330
5192,376,46,330
5199,376,46,330
5204,376,46,330
5209,376,46,330
5214,376,46,330
5220,376,46,330
5221,376,46,330
5227,376,46,330
5228,376,46,330
5230,376,46,330
5236,376,46,330
5237,376,46,330
5241,376,46,330
5244,376,46,330
5245,376,46,330
5249,377,46,331
5253,377,46,331
5257,377,46,331
5259,377,46,331
5260,378,46,332
5261,378,46,332
5264,378,46,332
5268,378,46,332
5270,378,46,332
5275,379,46,333
5282,379,46,333
5284,379,46,333
5285,379,46,333
5286,379,46,333
5288,379,46,333
5289,379,46,333
5294,379,46,333
5300,380,46,334
5304,380,46,334
5306,380,46,334
5311,380,46,334
5317,380,46,334
5318,380,46,334
5321,380,46,334
5323,380,46,334
5328,380,46,334
5334,380,46,334
5335,380,46,334
5336,380,46,334
5339,380,46,334
5343,380,46,334
5346,380,46,334
5347,380,46,334
5351,380,46,334
5353,381,46,335
5354,381,46,335
5358,381,46,335
5362,381,46,335
5363,381,46,335
5367,381,46,335
5368,381,46,335
5370,381,46,335
5372,381,46,335
5377,381,46,335
5378,382,46,336
5382,382,46,336
5383,382,46,336
5385,382,46,336
5387,382,46,336
5390,383,46,337
5391,383,46,337
5395,383,46,337
5401,383,46,337
5403,384,46,338
5404,384,46,338
5405,384,46,338
5407,384,46,338
5409,385,46,339
5411,385,46,339
5418,385,46,339
5420,385,46,339
5425,385,46,339
5426,385,46,339
5429,385,46,339
5431,385,46,339
5435,385,46,339
5436,385,46,339
5437,385,46,339
5443,385,46,339
5446,386,46,340
5447,386,46,340
5449,386,46,340
5454,386,46,340
5456,386,46,340
5457,386,46,340
5464,386,46,340
5465,386,46,340
5467,386,46,340
5469,386,46,340
5470,386,46,340
5471,386,46,340
5480,386,46,340
5482,386,46,340
5483,386,46,340
5487,386,46,340
5490,386,46,340
5494,386,46,340
5495,386,46,340
5498,386,46,340
5502,387,46,341
5503,387,46,341
5504,387,46,341
5505,387,46,341
5512,387,46,341
5519,387,46,341
5520,387,46,341
5521,387,46,341
5527,387,46,341
5532,387,46,341
5536,387,46,341
5540,387,46,341
5544,387,46,341
5550,387,46,341
5551,387,46,341
5554,387,46,341
5556,387,46,341
5558,387,46,341
5567,387,46,341
5568,387,46,341
5575,387,46,341
5577,387,46,341
5582,387,46,341
5585,387,46,341
5594,387,46,341
5596,387,46,341
5598,387,46,341
5602,387,46,341
5614,388,46,342
5615,388,46,342
5622,388,46,342
5624,388,46,342
5630,388,46,342
5633,388,46,342
5639,388,46,342
5644,388,46,342
5646,388,46,342
5647,388,46,342
5654,388,46,342
5661,388,46,342
5663,389,46,343
5669,389,46,343
5670,389,46,343
5673,389,46,343
5680,389,46,343
5684,389,46,343
5691,389,46,343
5693,390,46,344
5695,390,46,344
5699,391,46,345
5702,391,46,345
5708,391,46,345
5712,391,46,345
5713,391,46,345
5716,392,46,346
5721,392,46,346
5729,392,46,346
5732,392,46,346
5733,393,46,347
5734,393,46,347
5745,393,46,347
5751,395,46,349
5752,395,46,349
5753,395,46,349
5755,395,46,349
5763,395,46,349
5768,395,46,349
5769,395,46,349
5772,395,46,349
5777,395,46,349
5786,395,46,349
5792,395,46,349
5793,397,46,351
5798,397,46,351
5803,397,46,351
5805,398,46,352
5814,400,46,354
5815,400,46,354
5820,400,46,354
5823,400,46,354
5824,400,46,354
5826,400,46,354
5834,400,46,354
5839,400,46,354
5843,400,46,354
5852,400,46,354
5855,400,46,354
5862,400,46,354
5864,400,46,354
5865,400,46,354
5876,400,46,354
5878,400,46,354
5880,400,46,354
5881,400,46,354
5885,400,46,354
5888,400,46,354
5897,401,46,355
5899,401,46,355
5904,401,46,355
5907,401,46,355
5910,401,46,355
5913,401,46,355
5916,401,46,355
5918,401,46,355
5928,401,46,355
5936,401,46,355
5937,401,46,355
5940,401,46,355
5950,401,46,355
5954,401,46,355
5955,401,46,355
5958,402,46,356
5961,402,46,356
5969,402,46,356
5970,402,46,356
5972,402,46,356
5978,403,46,357
5980,403,46,357
5985,403,46,357
5989,403,46,357
5991,403,46,357
5998,403,46,357
6000,403,46,357
6006,403,46,357
6007,403,46,357
6008,403,46,357
6009,403,46,357
6012,403,46,357
6020,405,46,359
6022,405,46,359
6028,405,46,359
6030,405,46,359
6031,405,46,359
6036,405,46,359
6038,405,46,359
6041,405,46,359
6047,405,46,359
6055,405,46,359
6058,405,46,359
6059,405,46,359
6061,405,46,359
6062,407,46,361
6066,407,46,361
6071,407,46,361
6079,408,46,362
6081,408,46,362
6082,409,46,363
6083,409,46,363
6085,409,46,363
6086,409,46,363
6091,409,46,363
6101,409,46,363
6103,409,46,363
6104,409,46,363
6105,409,46,363
6112,409,46,363
6117,409,46,363
6121,410,46,364
6124,410,46,364
6129,410,46,364
6130,410,46,364
6134,410,46,364
6139,410,46,364
6140,410,46,364
6145,411,46,365
6149,411,46,365
6150,411,46,365
6153,411,46,365
6156,411,46,365
6158,411,46,365
6165,411,46,365
6166,411,46,365
6178,411,46,365
6179,411,46,365
6181,411,46,365
6182,411,46,365
6183,411,46,365
6187,411,46,365
6192,411,46,365
6197,414,46,368
6199,414,46,368
6206,414,46,368
6210,414,46,368
6214,414,46,368
6215,414,46,368
6216,414,46,368
6219,414,46,368
6230,414,46,368
6231,414,46,368
6232,414,46,368
6234,414,46,368
6237,414,46,368
6243,414,46,368
6245,414,46,368
6249,414,46,368
6252,414,46,368
6253,414,46,368
6254,414,46,368
6265,414,46,368
6266,414,46,368
6272,414,46,368
6274,414,46,368
6281,414,46,368
6282,414,46,368
6293,414,46,368
6295,414,46,368
6298,414,46,368
6299,414,46,368
6300,414,46,368
6304,414,46,368
6313,415,46,369
6317,415,46,369
6318,415,46,369
6320,415,46,369
6327,415,46,369
6328,415,46,369
6329,415,46,369
6333,415,46,369
6334,415,46,369
6338,415,46,369
6344,415,46,369
6346,415,46,369
6350,415,46,369
6353,416,46,370
6355,416,46,370
6358,416,46,370
6359,416,46,370
6366,416,46,370
6371,416,46,370
6374,416,46,370
6375,416,46,370
6380,416,46,370
6382,416,46,370
6384,416,46,370
6388,416,46,370
6390,416,46,370
6393,416,46,370
6398,416,46,370
6402,417,46,371
6405,418,46,372
6408,418,46,372
6414,418,46,372
6417,418,46,372
6418,418,46,372
6419,418,46,372
6422,418,46,372
6424,418,46,372
6425,418,46,372
6431,418,46,372
6434,418,46,372
6435,418,46,372
6437,418,46,372
6441,418,46,372
6444,418,46,372
6445,418,46,372
6447,418,46,372
6450,418,46,372
6453,418,46,372
6454,418,46,372
6455,418,46,372
6456,418,46,372
6459,418,46,372
6461,418,46,372
6469,418,46,372
6470,418,46,372
6471,418,46,372
6475,418,46,372
6477,418,46,372
6478,418,46,372
6483,418,46,372
6487,418,46,372
6488,418,46,372
6489,418,46,372
6490,419,46,373
6495,419,46,373
6496,419,46,373
6498,419,46,373
6502,419,46,373
6503,419,46,373
6504,419,46,373
6512,419,46,373
6514,419,46,373
6516,419,46,373
6518,419,46,373
6524,419,46,373
6525,419,46,373
6532,419,46,373
6535,421,46,375
6536,421,46,375
6540,421,46,375
6541,421,46,375
6543,421,46,375
6551,423,46,377
6552,423,46,377
6555,423,46,377
6557,424,46,378
6559,424,46,378
6560,424,46,378
6565,424,46,378
6568,424,46,378
6575,424,46,378
6576,425,46,379
6579,425,46,379
6584,425,46,379
6588,425,46,379
6592,425,46,379
6594,425,46,379
6595,425,46,379
6601,425,46,379
6602,425,46,379
6606,425,46,379
6612,425,46,379
6613,425,46,379
6616,425,46,379
6618,425,46,379
6620,425,46,379
6621,425,46,379
6622,425,46,379
6628,426,46,380
6632,426,46,380
6633,426,46,380
6634,426,46,380
6642,426,46,380
6643,426,46,380
6644,426,46,380
6646,426,46,380
6647,426,46,380
6652,426,46,380
6653,426,46,380
6655,427,46,381
6660,427,46,381
6663,427,46,381
6664,427,46,381
6668,427,46,381
6669,427,46,381
6671,427,46,381
6673,427,46,381
6675,428,46,382
6676,428,46,382
6680,428,46,382
6686,428,46,382
6690,428,46,382
6691,428,46,382
6696,429,46,383
6697,429,46,383
6700,429,46,383
6702,429,46,383
6703,429,46,383
6704,429,46,383
6707,429,46,383
6711,429,46,383
6712,429,46,383
6715,429,46,383
6717,429,46,383
6720,429,46,383
6723,429,46,383
6725,429,46,383
6729,429,46,383
6730,429,46,383
6731,429,46,383
6733,429,46,383
6736,429,46,383
6747,429,46,383
6749,429,46,383
6750,429,46,383
6752,431,46,385
6754,431,46,385
6755,431,46,385
6763,431,46,385
6770,432,46,386
6774,432,46,386
6776,433,46,387
6777,433,46,387
6778,433,46,387
6787,433,46,387
6790,433,46,387
6793,433,46,387
6794,433,46,387
6796,433,46,387
6801,433,46,387
6804,433,46,387
6805,433,46,387
6809,433,46,387
6811,433,46,387
6818,433,46,387
6819,433,46,387
6824,433,46,387
6825,433,46,387
6829,433,46,387
6830,433,46,387
6838,434,46,388
6839,434,46,388
6840,434,46,388
6843,434,46,388
6851,434,46,388
6852,434,46,388
6854,434,46,388
6855,434,46,388
6858,434,46,388
6859,435,46,389
6866,435,46,389
6871,435,46,389
6875,435,46,389
6877,435,46,389
6878,435,46,389
6879,435,46,389
6885,435,46,389
6887,435,46,389
6888,435,46,389
6892,435,46,389
6900,435,46,389
6902,435,46,389
6904,435,46,389
6905,435,46,389
6909,436,46,390
6911,436,46,390
6914,436,46,390
6918,436,46,390
6921,436,46,390
6927,436,46,390
6929,436,46,390
6931,436,46,390
6933,436,46,390
6941,437,46,391
6945,437,46,391
6950,437,46,391
6953,437,46,391
6954,437,46,391
6957,437,46,391
6962,437,46,391
6963,437,46,391
6965,437,46,391
6975,437,46,391
6978,437,46,391
6980,437,46,391
6982,437,46,391
6984,437,46,391
6985,437,46,391
6997,437,46,391
6998,437,46,391
6999,437,46,391
7005,437,46,391
7007,437,46,391
7012,437,46,391
7015,437,46,391
7019,437,46,391
7026,437,46,391
7033,437,46,391
7034,437,46,391
7038,437,46,391
7040,437,46,391
7042,437,46,391
7049,437,46,391
7051,437,46,391
7053,437,46,391
7062,437,46,391
7064,437,46,391
7067,437,46,391
7068,437,46,391
7071,437,46,391
7073,437,46,391
7084,437,46,391
7089,437,46,391
7090,437,46,391
7092,437,46,391
7093,437,46,391
7097,437,46,391
7100,437,46,391
7108,437,46,391
7113,437,46,391
7114,437,46,391
7118,437,46,391
7119,437,46,391
7127,437,46,391
7128,437,46,391
7135,437,46,391
7136,437,46,391
7138,437,46,391
7144,437,46,391
7145,437,46,391
7146,438,46,392
7152,438,46,392
7158,438,46,392
7162,438,46,392
7164,438,46,392
7168,438,46,392
7173,438,46,392
7175,438,46,392
7180,438,46,392
7184,438,46,392
7185,438,46,392
7187,438,46,392
7188,438,46,392
7200,438,46,392
7201,439,46,393
7202,439,46,393
7203,439,46,393
7204,439,46,393
7210,439,46,393
7211,439,46,393
7215,439,46,393
7218,439,46,393
7223,439,46,393
7228,439,46,393
7234,439,46,393
7236,439,46,393
7242,439,46,393
7245,439,46,393
7255,439,46,393
7256,439,46,393
7260,439,46,393
7262,439,46,393
7263,439,46,393
7271,439,46,393
7272,439,46,393
7275,439,46,393
7281,440,46,394
7282,440,46,394
7284,440,46,394
7289,440,46,394
7292,440,46,394
7302,441,46,395
7303,441,46,395
7306,441,46,395
7307,442,46,396
7308,442,46,396
7310,442,46,396
7321,442,46,396
7322,442,46,396
7326,442,46,396
7332,442,46,396
7335,442,46,396
7337,442,46,396
7341,443,46,397
7344,443,46,397
7351,443,46,397
7357,443,46,397
7360,443,46,397
7363,443,46,397
7364,443,46,397
7367,443,46,397
7368,443,46,397
7380,444,46,398
7382,444,46,398
7383,444,46,398
7385,444,46,398
7390,444,46,398
7398,444,46,398
7399,444,46,398
7404,444,46,398
7408,445,46,399
7414,445,46,399
7417,445,46,399
7419,445,46,399
7423,447,46,401
7430,447,46,401
7432,447,46,401
7433,447,46,401
7438,447,46,401
7442,447,46,401
7445,447,46,401
7446,447,46,401
7457,447,46,401
7458,447,46,401
7460,447,46,401
7463,447,46,401
7473,447,46,401
7476,447,46,401
7478,447,46,401
7479,447,46,401
7483,447,46,401
7491,447,46,401
7496,447,46,401
7497,447,46,401
7500,447,46,401
7506,447,46,401
7508,448,46,402
7515,448,46,402
7518,449,46,403
7521,449,46,403
7529,449,46,403
7532,449,46,403
7533,449,46,403
7534,449,46,403
7537,449,46,403
7553,449,46,403
7557,450,46,404
7559,450,46,404
7561,450,46,404
7565,450,46,404
7571,450,46,404
7576,450,46,404
7583,450,46,404
7585,451,46,405
7591,451,46,405
7597,452,46,406
7611,452,46,406
7615,452,46,406
7616,452,46,406
7623,452,46,406
7630,452,46,406
7631,452,46,406
7634,452,46,406
7645,452,46,406
7647,452,46,406
7649,452,46,406
7650,452,46,406
7652,452,46,406
7660,453,46,407
7664,453,46,407
7667,453,46,407
7670,453,46,407
7673,453,46,407
7680,453,46,407
7683,453,46,407
7685,453,46,407
7686,454,46,408
7690,454,46,408
7697,454,46,408
7704,454,46,408
7705,454,46,408
7710,454,46,408
7711,454,46,408
7712,454,46,408
7724,454,46,408
7729,454,46,408
7731,454,46,408
7733,454,46,408
7737,454,46,408
7740,454,46,408
7742,454,46,408
7743,454,46,408
7750,454,46,408
7751,454,46,408
7760,454,46,408
7762,454,46,408
7763,454,46,408
7764,454,46,408
7770,454,46,408
7771,454,46,408
7773,454,46,408
7779,454,46,408
7788,454,46,408
7789,454,46,408
7791,454,46,408
7796,454,46,408
7799,454,46,408
7806,454,46,408
7810,454,46,408
7811,454,46,408
7815,454,46,408
7821,454,46,408
7826,454,46,408
7829,454,46,408
7830,455,46,409
7831,455,46,409
7838,455,46,409
7842,455,46,409
7850,455,46,409
7851,455,46,409
7854,455,46,409
7865,455,46,409
7868,455,46,409
7869,455,46,409
7870,456,46,410
7872,456,46,410
7880,456,46,410
7886,456,46,410
7889,456,46,410
7892,456,46,410
7898,456,46,410
7902,456,46,410
7908,456,46,410
7910,456,46,410
7913,456,46,410
7916,456,46,410
7925,458,46,412
7927,458,46,412
7935,458,46,412
7936,458,46,412
7937,458,46,412
7943,458,46,412
7944,458,46,412
7947,458,46,412
7953,458,46,412
7956,458,46,412
7967,458,46,412
7968,458,46,412
7972,458,46,412
7973,458,46,412
7975,458,46,412
7977,458,46,412
7979,458,46,412
7986,458,46,412
7996,458,46,412
8000,458,46,412
8001,458,46,412
8004,458,46,412
8005,458,46,412
8007,458,46,412
8017,458,46,412
8024,458,46,412
8028,458,46,412
8032,458,46,412
8034,458,46,412
8036,458,46,412
8040,458,46,412
8043,458,46,412
8052,458,46,412
8055,458,46,412
8062,458,46,412
8063,458,46,412
8064,458,46,412
8066,458,46,412
8074,458,46,412
8075,459,46,413
8081,459,46,413
8082,459,46,413
8091,460,46,414
8094,460,46,414
8097,460,46,414
8100,460,46,414
8102,460,46,414
8110,460,46,414
8112,460,46,414
8115,460,46,414
8119,460,46,414
8123,460,46,414
8130,460,46,414
8133,460,46,414
8136,460,46,414
8138,460,46,414
8142,460,46,414
8145,460,46,414
8146,460,46,414
8158,460,46,414
8163,460,46,414
8166,460,46,414
8167,460,46,414
8168,460,46,414
8175,460,46,414
8179,460,46,414
8180,460,46,414
8184,460,46,414
8187,460,46,414
8193,460,46,414
8195,460,46,414
8200,460,46,414
8201,460,46,414
8202,460,46,414
8204,460,46,414
8209,460,46,414
8215,460,46,414
8223,460,46,414
8224,460,46,414
8225,460,46,414
8229,460,46,414
8234,460,46,414
8243,460,46,414
8244,460,46,414
8248,460,46,414
8251,460,46,414
8256,460,46,414
8263,460,46,414
8265,461,46,415
8270,461,46,415
8273,461,46,415
8281,461,46,415
8282,461,46,415
8283,462,46,416
8285,462,46,416
8286,462,46,416
8294,462,46,416
8301,462,46,416
8305,463,46,417
8307,463,46,417
8309,463,46,417
8315,463,46,417
8316,463,46,417
8318,463,46,417
8319,463,46,417
8327,464,46,418
8329,464,46,418
8335,464,46,418
8337,464,46,418
8338,464,46,418
8344,464,46,418
8347,464,46,418
8351,464,46,418
8356,464,46,418
8360,464,46,418
8365,464,46,418
8367,464,46,418
8370,464,46,418
8371,464,46,418
8373,464,46,418
8382,464,46,418
8384,464,46,418
8388,464,46,418
8389,465,46,419
8392,465,46,419
8393,465,46,419
8403,465,46,419
8407,465,46,419
8410,465,46,419
8414,465,46,419
8416,465,46,419
8421,466,46,420
8425,466,46,420
8430,466,46,420
8434,466,46,420
8435,466,46,420
8441,466,46,420
8448,467,46,421
8449,467,46,421
8454,467,46,421
8456,467,46,421
8461,467,46,421
8465,467,46,421
8469,468,46,422
8475,468,46,422
8477,468,46,422
8479,468,46,422
8480,468,46,422
8490,468,46,422
8496,468,46,422
8497,468,46,422
8501,468,46,422
8504,468,46,422
8505,468,46,422
8510,468,46,422
8511,468,46,422
8517,468,46,422
8526,468,46,422
8527,468,46,422
8530,468,46,422
8532,469,46,423
8533,469,46,423
8534,470,46,424
8538,470,46,424
8540,470,46,424
8545,470,46,424
8547,470,46,424
8548,470,46,424
8551,470,46,424
8558,470,46,424
8563,470,46,424
8568,470,46,424
8570,470,46,424
8571,470,46,424
8573,470,46,424
8578,470,46,424
8579,470,46,424
8590,470,46,424
8591,470,46,424
8596,470,46,424
8597,470,46,424
8600,470,46,424
8605,470,46,424
8609,470,46,424
8612,470,46,424
8619,470,46,424
8621,470,46,424
8622,470,46,424
8629,470,46,424
8630,470,46,424
8634,470,46,424
8638,470,46,424
8641,470,46,424
8642,470,46,424
8645,470,46,424
8646,470,46,424
8648,471,46,425
8650,471,46,425
8655,471,46,425
8663,471,46,425
8664,471,46,425
8670,471,46,425
8672,471,46,425
8676,471,46,425
8677,471,46,425
8681,471,46,425
8684,471,46,425
8690,471,46,425
8692,471,46,425
8696,471,46,425
8697,471,46,425
8698,472,46,426
8703,472,46,426
8705,473,46,427
8712,474,46,428
8714,474,46,428
8716,474,46,428
8717,474,46,428
8718,474,46,428
8725,474,46,428
8731,474,46,428
8732,475,46,429
8734,475,46,429
8735,475,46,429
8739,475,46,429
8741,475,46,429
8746,475,46,429
8747,475,46,429
8751,475,46,429
8755,475,46,429
8759,475,46,429
8763,477,46,431
8765,477,46,431
8766,477,46,431
8768,477,46,431
8770,477,46,431
8776,477,46,431
8781,477,46,431
8788,477,46,431
8790,477,46,431
8794,477,46,431
8796,477,46,431
8800,477,46,431
8801,477,46,431
8806,477,46,431
8810,477,46,431
8812,477,46,431
8815,477,46,431
8819,477,46,431
8820,477,46,431
8822,477,46,431
8832,477,46,431
8835,477,46,431
8841,478,46,432
8842,478,46,432
8850,478,46,432
8852,478,46,432
8853,478,46,432
8859,479,46,433
8860,479,46,433
8862,479,46,433
8863,479,46,433
8864,479,46,433
8875,479,46,433
8884,480,46,434
8885,480,46,434
8894,480,46,434
8896,480,46,434
8897,480,46,434
8906,480,46,434
8910,481,46,435
8917,481,46,435
8919,481,46,435
8927,481,46,435
8930,482,46,436
8934,482,46,436
8940,482,46,436
8948,482,46,436
8949,482,46,436
8953,482,46,436
8957,482,46,436
8960,482,46,436
8963,482,46,436
8965,482,46,436
8972,482,46,436
8978,482,46,436
8982,482,46,436
8983,482,46,436
8985,482,46,436
8989,482,46,436
8994,482,46,436
8999,482,46,436
9002,483,46,437
9007,483,46,437
9008,484,46,438
9016,484,46,438
9017,484,46,438
9018,484,46,438
9025,484,46,438
9029,484,46,438
9031,484,46,438
9032,484,46,438
9039,484,46,438
9047,484,46,438
9048,484,46,438
9052,485,46,439
9056,485,46,439
9062,485,46,439
9066,485,46,439
9072,486,46,440
9074,487,46,441
9077,488,46,442
9080,488,46,442
9085,488,46,442
9089,488,46,442
9095,489,46,443
9097,489,46,443
9099,489,46,443
9104,489,46,443
9107,489,46,443
9108,489,46,443
9119,489,46,443
9123,489,46,443
9127,489,46,443
9129,489,46,443
9132,489,46,443
9137,489,46,443
9141,490,46,444
9150,490,46,444
9154,490,46,444
9156,490,46,444
9163,490,46,444
9168,491,46,445
9171,491,46,445
9178,492,46,446
9187,492,46,446
9188,492,46,446
9192,492,46,446
9193,492,46,446
9197,492,46,446
9199,492,46,446
9205,492,46,446
9209,492,46,446
9211,492,46,446
9214,492,46,446
9228,492,46,446
9229,492,46,446
9230,492,46,446
9232,492,46,446
9233,492,46,446
9235,492,46,446
9237,492,46,446
9252,492,46,446
9255,492,46,446
9257,493,46,447
9259,493,46,447
9263,493,46,447
9264,493,46,447
9266,493,46,447
9275,493,46,447
9279,493,46,447
9280,493,46,447
9281,494,46,448
9295,494,46,448
9297,494,46,448
9303,494,46,448
9305,494,46,448
9306,495,46,449
9321,495,46,449
9325,495,46,449
9328,495,46,449
9329,495,46,449
9331,495,46,449
9340,495,46,449
9343,495,46,449
9346,495,46,449
9355,495,46,449
9359,495,46,449
9360,495,46,449
9365,495,46,449
9368,495,46,449
9375,495,46,449
9379,495,46,449
9380,496,46,450
9387,496,46,450
9390,496,46,450
9393,496,46,450
9404,496,46,450
9406,496,46,450
9410,496,46,450
9411,496,46,450
9413,496,46,450
9423,496,46,450
9427,496,46,450
9428,496,46,450
9431,496,46,450
9433,496,46,450
9436,496,46,450
9448,496,46,450
9454,496,46,450
9456,497,46,451
9457,497,46,451
9458,497,46,451
9459,497,46,451
9478,497,46,451
9479,497,46,451
9481,497,46,451
9483,497,46,451
9484,497,46,451
9488,497,46,451
9489,497,46,451
9501,498,46,452
9503,498,46,452
9505,499,46,453
9510,499,46,453
9520,499,46,453
9522,499,46,453
9524,500,46,454
9527,500,46,454
9529,500,46,454
9535,500,46,454
9547,500,46,454
9551,500,46,454
9553,500,46,454
9555,500,46,454
9556,500,46,454
9562,500,46,454
9569,500,46,454
9578,501,46,455
9579,501,46,455
9581,502,46,456
9586,502,46,456
9588,502,46,456
9590,502,46,456
9592,502,46,456
9602,502,46,456
9603,502,46,456
9614,503,46,457
9615,503,46,457
9621,503,46,457
9625,503,46,457
9628,503,46,457
9638,503,46,457
9642,503,46,457
9645,504,46,458
9646,504,46,458
9650,505,46,459
9652,505,46,459
9660,505,46,459
9661,505,46,459
9665,505,46,459
9671,505,46,459
9672,505,46,459
9678,506,46,460
9682,506,46,460
9685,506,46,460
9695,506,46,460
9697,506,46,460
9702,506,46,460
9704,506,46,460
9709,511,46,465
9718,511,46,465
9719,511,46,465
9725,512,46,466
9727,512,46,466
9730,512,46,466
9732,512,46,466
9739,512,46,466
9741,512,46,466
9743,512,46,466
9751,512,46,466
9753,512,46,466
9755,512,46,466
9765,512,46,466
9774,512,46,466
9775,512,46,466
9777,512,46,466
9778,512,46,466
9779,514,46,468
9790,514,46,468
9791,514,46,468
9801,514,46,468
9803,514,46,468
9806,514,46,468
9807,514,46,468
9810,514,46,468
9815,514,46,468
9825,514,46,468
9827,516,46,470
9829,516,46,470
9834,516,46,470
9837,516,46,470
9838,516,46,470
9839,516,46,470
9846,516,46,470
9848,516,46,470
9855,516,46,470
9860,516,46,470
9863,516,46,470
9865,516,46,470
9870,516,46,470
9872,516,46,470
9881,516,46,470
9882,516,46,470
9887,517,46,471
9888,517,46,471
9894,517,46,471
9903,519,46,473
9907,519,46,473
9909,519,46,473
9912,519,46,473
9913,519,46,473
9918,519,46,473
9933,519,46,473
9938,519,46,473
9939,519,46,473
9940,519,46,473
9942,520,46,474
9953,520,46,474
9961,520,46,474
9967,520,46,474
9969,520,46,474
9976,520,46,474
9979,520,46,474
9984,520,46,474
9987,520,46,474
9990,520,46,474
9991,520,46,474
9995,521,46,475
10005,521,46,475
10008,521,46,475
10011,521,46,475
10013,521,46,475
10016,521,46,475
10017,521,46,475
10022,521,46,475
10026,521,46,475
10034,521,46,475
10036,521,46,475
10040,521,46,475
10041,521,46,475
10049,521,46,475
10051,521,46,475
10055,521,46,475
10058,521,46,475
10062,521,46,475
10063,521,46,475
10065,521,46,475
10077,521,46,475
10079,521,46,475
10083,521,46,475
10085,521,46,475
10090,521,46,475
10095,521,46,475
10099,521,46,475
10107,521,46,475
10110,521,46,475
10114,521,46,475
10116,521,46,475
10119,521,46,475
10134,521,46,475
10135,521,46,475
10137,521,46,475
10138,521,46,475
10145,521,46,475
10155,521,46,475
10161,522,46,476
10172,523,46,477
10175,523,46,477
10176,523,46,477
10182,523,46,477
10185,523,46,477
10186,523,46,477
10189,523,46,477
10201,523,46,477
10211,523,46,477
10214,523,46,477
10215,523,46,477
10217,523,46,477
10218,523,46,477
10221,523,46,477
10229,523,46,477
10237,523,46,477
10243,523,46,477
10252,523,46,477
10253,523,46,477
10255,523,46,477
10259,523,46,477
10262,523,46,477
10272,523,46,477
10284,523,46,477
10285,523,46,477
10286,524,46,478
10287,524,46,478
10289,524,46,478
10296,524,46,478
10311,524,46,478
10315,524,46,478
10316,525,46,479
10319,525,46,479
10324,525,46,479
10325,525,46,479
10326,525,46,479
10335,525,46,479
10344,525,46,479
10348,525,46,479
10352,525,46,479
10353,525,46,479
10360,525,46,479
10362,525,46,479
10372,525,46,479
10380,526,46,480
10385,526,46,480
10387,526,46,480
10388,526,46,480
10395,526,46,480
10398,526,46,480
10400,527,46,481
10408,527,46,481
10413,527,46,481
10421,527,46,481
10423,527,46,481
10429,527,46,481
10431,527,46,481
10437,527,46,481
10438,527,46,481
10452,527,46,481
10458,527,46,481
10463,527,46,481
10465,527,46,481
10468,527,46,481
10476,527,46,481
10484,527,46,481
10486,527,46,481
10490,527,46,481
10493,527,46,481
10496,527,46,481
10502,527,46,481
10513,527,46,481
10515,527,46,481
10518,527,46,481
10521,528,46,482
10524,528,46,482
10532,528,46,482
10540,528,46,482
10543,528,46,482
10546,528,46,482
10551,528,46,482
10553,528,46,482
10560,528,46,482
10571,528,46,482
10572,528,46,482
10574,528,46,482
10578,529,46,483
10580,529,46,483
10593,529,46,483
10598,529,46,483
10601,529,46,483
10609,529,46,483
10611,529,46,483
10614,530,46,484
10628,530,46,484
10629,530,46,484
10632,530,46,484
10633,530,46,484
10639,530,46,484
10646,530,46,484
10648,530,46,484
10650,530,46,484
10658,530,46,484
10659,530,46,484
10664,530,46,484
10668,530,46,484
10671,530,46,484
10683,530,46,484
10684,530,46,484
10686,530,46,484
10687,530,46,484
10689,530,46,484
10697,530,46,484
10699,530,46,484
10702,530,46,484
10710,530,46,484
10718,530,46,484
10719,530,46,484
10721,530,46,484
10723,530,46,484
10724,530,46,484
10726,531,46,485
10737,531,46,485
10739,531,46,485
10744,531,46,485
10746,531,46,485
10748,531,46,485
10755,531,46,485
10758,531,46,485
10760,531,46,485
10761,531,46,485
10770,531,46,485
10776,531,46,485
10778,531,46,485
10780,531,46,485
10784,531,46,485
10785,533,46,487
10797,533,46,487
10798,533,46,487
10799,533,46,487
10805,533,46,487
10814,533,46,487
10819,534,46,488
10822,534,46,488
10827,534,46,488
10833,534,46,488
10836,534,46,488
10840,534,46,488
10842,534,46,488
10851,534,46,488
10853,534,46,488
10859,534,46,488
10862,534,46,488
10869,534,46,488
10870,534,46,488
10872,534,46,488
10880,534,46,488
10881,534,46,488
10884,534,46,488
10892,534,46,488
10900,534,46,488
10901,534,46,488
10905,534,46,488
10906,534,46,488
10910,534,46,488
10919,534,46,488
10922,534,46,488
10923,534,46,488
10928,535,46,489
10938,535,46,489
10941,535,46,489
10942,535,46,489
10943,535,46,489
10947,536,46,490
10955,536,46,490
10957,536,46,490
10969,536,46,490
10970,536,46,490
10978,536,46,490
10979,536,46,490
10981,536,46,490
10987,536,46,490
10991,536,46,490
11000,536,46,490
11012,536,46,490
11013,536,46,490
11017,536,46,490
11019,536,46,490
11023,536,46,490
11029,536,46,490
11035,536,46,490
11041,536,46,490
11055,536,46,490
11056,536,46,490
11058,536,46,490
11059,536,46,490
11060,536,46,490
11064,536,46,490
11068,536,46,490
11081,536,46,490
11088,536,46,490
11089,536,46,490
11094,536,46,490
11096,536,46,490
11098,536,46,490
11099,536,46,490
11104,536,46,490
11114,536,46,490
11119,536,46,490
11122,536,46,490
11128,536,46,490
11129,536,46,490
11130,536,46,490
11136,536,46,490
11138,537,46,491
11139,537,46,491
11148,537,46,491
11149,537,46,491
11159,537,46,491
11161,537,46,491
11163,537,46,491
11167,537,46,491
11171,537,46,491
11175,537,46,491
11178,537,46,491
11187,537,46,491
11192,537,46,491
11205,537,46,491
11207,537,46,491
11212,537,46,491
11213,537,46,491
11215,537,46,491
11222,537,46,491
11224,537,46,491
11236,537,46,491
11238,537,46,491
11242,537,46,491
11248,537,46,491
11250,537,46,491
11253,537,46,491
11256,538,46,492
11258,538,46,492
11263,538,46,492
11268,538,46,492
11276,538,46,492
11281,538,46,492
11284,538,46,492
11289,538,46,492
11290,538,46,492
11293,538,46,492
11296,538,46,492
11298,538,46,492
11314,538,46,492
11315,538,46,492
11316,538,46,492
11317,538,46,492
11327,538,46,492
11328,538,46,492
11330,538,46,492
11334,538,46,492
11336,538,46,492
11341,538,46,492
11346,538,46,492
11351,538,46,492
11355,538,46,492
11358,538,46,492
11367,539,46,493
11368,539,46,493
11369,539,46,493
11373,539,46,493
11376,539,46,493
11378,539,46,493
11387,539,46,493
11388,539,46,493
11393,539,46,493
11396,539,46,493
11410,539,46,493
11412,539,46,493
11418,539,46,493
11419,539,46,493
11423,539,46,493
11441,539,46,493
11443,539,46,493
11444,539,46,493
11446,539,46,493
11449,539,46,493
11451,539,46,493
11460,539,46,493
11463,539,46,493
11470,539,46,493
11476,539,46,493
11480,539,46,493
11485,539,46,493
11487,539,46,493
11490,539,46,493
11495,539,46,493
11497,539,46,493
11506,539,46,493
11508,539,46,493
11509,539,46,493
11516,539,46,493
11524,539,46,493
11529,539,46,493
11530,539,46,493
11533,540,46,494
11536,540,46,494
11541,540,46,494
11550,540,46,494
11556,540,46,494
11564,540,46,494
11566,540,46,494
11567,540,46,494
11568,540,46,494
11572,540,46,494
11576,540,46,494
11579,540,46,494
11584,540,46,494
11596,540,46,494
11601,540,46,494
11602,540,46,494
11603,540,46,494
11604,540,46,494
11610,540,46,494
11618,540,46,494
11627,541,46,495
11628,541,46,495
11637,541,46,495
11638,541,46,495
11642,541,46,495
11650,541,46,495
11652,541,46,495
11653,541,46,495
11654,541,46,495
11659,541,46,495
11669,541,46,495
11671,541,46,495
11675,542,46,496
11681,542,46,496
11682,542,46,496
11686,542,46,496
11690,542,46,496
11691,542,46,496
11699,542,46,496
11701,542,46,496
11708,543,46,497
11718,543,46,497
11721,543,46,497
11725,543,46,497
11727,543,46,497
11732,543,46,497
11733,543,46,497
11736,543,46,497
11746,543,46,497
11747,543,46,497
11752,543,46,497
11758,543,46,497
11761,544,46,498
11766,544,46,498
11770,544,46,498
11773,544,46,498
11785,544,46,498
11787,544,46,498
11788,544,46,498
11791,544,46,498
11793,544,46,498
11799,544,46,498
11808,544,46,498
11812,544,46,498
11814,544,46,498
11816,544,46,498
11817,544,46,498
11823,544,46,498
11825,544,46,498
11831,544,46,498
11841,545,46,499
11846,545,46,499
11850,545,46,499
11851,545,46,499
11852,545,46,499
11856,545,46,499
11864,545,46,499
11865,545,46,499
11867,545,46,499
11882,545,46,499
11883,545,46,499
11888,545,46,499
11889,545,46,499
11890,545,46,499
11893,545,46,499
11898,545,46,499
11903,545,46,499
11912,545,46,499
11914,545,46,499
11919,545,46,499
11921,545,46,499
11923,545,46,499
11926,545,46,499
11931,545,46,499
11932,545,46,499
11941,545,46,499
11942,545,46,499
11946,545,46,499
11955,545,46,499
11957,545,46,499
11964,545,46,499
11965,545,46,499
11969,545,46,499
11971,545,46,499
11972,546,46,500
11980,546,46,500
11990,546,46,500
11991,546,46,500
11995,546,46,500
11997,546,46,500
11998,546,46,500
12002,546,46,500
12004,546,46,500
12010,546,46,500
12017,546,46,500
12020,546,46,500
12021,546,46,500
12023,546,46,500
12031,546,46,500
12043,546,46,500
12048,546,46,500
12049,546,46,500
12050,546,46,500
12053,546,46,500
12054,546,46,500
12056,546,46,500
12060,546,46,500
12062,546,46,500
12074,546,46,500
12075,546,46,500
12082,546,46,500
12084,546,46,500
12087,546,46,500
12088,546,46,500
12090,546,46,500
12094,546,46,500
12095,546,46,500
12099,546,46,500
12102,546,46,500
12116,546,46,500
12118,546,46,500
12121,546,46,500
12122,546,46,500
12124,546,46,500
12127,546,46,500
12134,546,46,500
12146,546,46,500
12147,546,46,500
12151,546,46,500
12155,546,46,500
12158,546,46,500
12159,546,46,500
12160,547,46,501
12165,547,46,501
12171,547,46,501
12173,547,46,501
12177,547,46,501
12181,547,46,501
12182,547,46,501
12192,547,46,501
12193,547,46,501
12195,547,46,501
12199,547,46,501
12203,547,46,501
12205,547,46,501
12208,547,46,501
12211,547,46,501
12219,547,46,501
12220,547,46,501
12223,547,46,501
12227,547,46,501
12234,547,46,501
12235,547,46,501
12240,547,46,501
12244,547,46,501
12246,547,46,501
12252,547,46,501
12255,547,46,501
12257,547,46,501
12261,547,46,501
12264,547,46,501
12272,547,46,501
12280,547,46,501
12284,547,46,501
12288,547,46,501
12289,547,46,501
12292,547,46,501
12294,547,46,501
12298,547,46,501
12316,547,46,501
12317,547,46,501
12320,547,46,501
12321,547,46,501
12323,547,46,501
12325,547,46,501
12331,547,46,501
12334,547,46,501
12344,547,46,501
12351,547,46,501
12353,547,46,501
12356,547,46,501
12357,547,46,501
12358,547,46,501
12367,547,46,501
12372,547,46,501
12376,547,46,501
12377,547,46,501
12379,547,46,501
12384,547,46,501
12388,547,46,501
12390,547,46,501
12398,547,46,501
12399,547,46,501
12403,547,46,501
12406,547,46,501
12413,547,46,501
12417,547,46,501
12418,547,46,501
12423,547,46,501
12427,547,46,501
12428,547,46,501
12432,548,46,502
12435,548,46,502
12438,548,46,502
12444,548,46,502
12455,548,46,502
12457,548,46,502
12459,548,46,502
12460,548,46,502
12463,548,46,502
12469,548,46,502
12473,548,46,502
12480,548,46,502
12484,548,46,502
12485,548,46,502
12489,548,46,502
12494,548,46,502
12498,548,46,502
12502,548,46,502
12503,548,46,502
12506,548,46,502
12512,548,46,502
12514,548,46,502
12521,548,46,502
12523,548,46,502
12533,548,46,502
12534,548,46,502
12536,548,46,502
12537,548,46,502
12540,548,46,502
12541,548,46,502
12547,548,46,502
12557,548,46,502
12559,548,46,502
12566,548,46,502
12567,548,46,502
12568,548,46,502
12569,549,46,503
12570,549,46,503
12578,549,46,503
12590,549,46,503
12592,549,46,503
12594,549,46,503
12598,549,46,503
12600,549,46,503
12603,549,46,503
12609,549,46,503
12620,549,46,503
12624,551,46,505
12626,551,46,505
12628,551,46,505
12629,551,46,505
12635,551,46,505
12636,551,46,505
12642,551,46,505
12646,551,46,505
12650,551,46,505
12655,551,46,505
12659,551,46,505
12661,551,46,505
12668,551,46,505
12675,551,46,505
12679,551,46,505
12681,551,46,505
12685,551,46,505
12686,551,46,505
12692,551,46,505
12695,551,46,505
12699,551,46,505
12701,552,46,506
12714,552,46,506
12719,552,46,506
12720,552,46,506
12722,552,46,506
12727,552,46,506
12728,552,46,506
12730,552,46,506
12733,552,46,506
12742,552,46,506
12743,552,46,506
12752,552,46,506
12757,552,46,506
12758,552,46,506
12762,552,46,506
12765,552,46,506
12766,552,46,506
12770,552,46,506
12771,552,46,506
12783,552,46,506
12786,552,46,506
12795,552,46,506
12796,552,46,506
12798,552,46,506
12805,552,46,506
12812,552,46,506
12813,552,46,506
12815,552,46,506
12827,552,46,506
12828,552,46,506
12831,552,46,506
12834,552,46,506
12841,552,46,506
12845,552,46,506
12846,552,46,506
12856,552,46,506
12857,552,46,506
12863,552,46,506
12867,552,46,506
12869,552,46,506
12870,552,46,506
12872,552,46,506
12878,552,46,506
12885,552,46,506
12886,552,46,506
12894,552,46,506
12896,552,46,506
12900,553,46,507
12909,553,46,507
12910,553,46,507
12913,553,46,507
12919,553,46,507
12928,553,46,507
12930,553,46,507
12935,553,46,507
12942,553,46,507
12944,553,46,507
12946,553,46,507
12948,553,46,507
12949,553,46,507
12963,553,46,507
12968,553,46,507
12971,553,46,507
12973,554,46,508
12976,554,46,508
12983,554,46,508
12988,554,46,508
12989,554,46,508
12997,554,46,508
13000,554,46,508
13001,554,46,508
13002,554,46,508
13008,554,46,508
13013,554,46,508
13023,554,46,508
13026,554,46,508
13027,554,46,508
13030,554,46,508
13031,554,46,508
13035,554,46,508
13041,554,46,508
13055,554,46,508
13063,554,46,508
13067,554,46,508
13068,554,46,508
13071,554,46,508
13074,555,46,509
13086,555,46,509
13092,555,46,509
13098,555,46,509
13100,555,46,509
13108,555,46,509
13113,555,46,509
13115,555,46,509
13131,555,46,509
13133,555,46,509
13139,555,46,509
13143,556,46,510
13146,556,46,510
13152,556,46,510
13154,556,46,510
13164,556,46,510
13167,556,46,510
13170,556,46,510
13171,556,46,510
13187,556,46,510
13194,556,46,510
13197,556,46,510
13199,556,46,510
13202,556,46,510
13206,556,46,510
13210,556,46,510
13226,556,46,510
13228,556,46,510
13229,556,46,510
13231,556,46,510
13236,556,46,510
13238,556,46,510
13246,556,46,510
13258,557,46,511
13261,557,46,511
13265,557,46,511
13266,557,46,511
13273,557,46,511
13281,557,46,511
13284,557,46,511
13287,557,46,511
13296,557,46,511
13300,557,46,511
13304,557,46,511
13307,557,46,511
13312,558,46,512
13327,558,46,512
13328,558,46,512
13330,558,46,512
13332,558,46,512
13342,558,46,512
13343,558,46,512
13364,559,46,513
13365,559,46,513
13367,559,46,513
13370,559,46,513
13375,559,46,513
13381,560,46,514
13384,560,46,514
13397,560,46,514
13398,560,46,514
13407,560,46,514
13408,560,46,514
13420,560,46,514
13422,560,46,514
13425,560,46,514
13429,560,46,514
13431,560,46,514
13441,560,46,514
13448,560,46,514
13453,560,46,514
13456,560,46,514
13461,560,46,514
13464,560,46,514
13465,560,46,514
13474,560,46,514
13483,560,46,514
13491,560,46,514
13497,560,46,514
13501,560,46,514
13503,560,46,514
13506,560,46,514
13512,560,46,514
13531,560,46,514
13534,560,46,514
13535,560,46,514
13537,560,46,514
13539,560,46,514
13540,560,46,514
13542,560,46,514
13563,560,46,514
13568,560,46,514
13569,560,46,514
13574,560,46,514
13577,560,46,514
13582,560,46,514
13598,560,46,514
13599,560,46,514
13600,560,46,514
13601,560,46,514
13616,560,46,514
13624,560,46,514
13627,560,46,514
13630,560,46,514
13631,560,46,514
13636,561,46,515
13651,561,46,515
13657,561,46,515
13658,561,46,515
13664,561,46,515
13665,561,46,515
13670,561,46,515
13671,561,46,515
13686,562,46,516
13688,562,46,516
13696,562,46,516
13698,562,46,516
13699,562,46,516
13705,562,46,516
13714,562,46,516
13719,562,46,516
13722,562,46,516
13730,562,46,516
13734,562,46,516
13738,562,46,516
13739,562,46,516
13749,563,46,517
13755,563,46,517
13761,563,46,517
13765,563,46,517
13769,563,46,517
13775,563,46,517
13779,563,46,517
13781,563,46,517
13796,563,46,517
13800,563,46,517
13801,563,46,517
13810,563,46,517
13812,563,46,517
13821,563,46,517
13832,563,46,517
13836,563,46,517
13839,563,46,517
13840,563,46,517
13842,563,46,517
13846,563,46,517
13862,563,46,517
13865,563,46,517
13870,563,46,517
13872,563,46,517
13877,563,46,517
13881,563,46,517
13882,563,46,517
13900,564,46,518
13903,565,46,519
13916,565,46,519
13917,565,46,519
13925,565,46,519
13930,566,46,520
13934,566,46,520
13936,566,46,520
13946,566,46,520
13953,566,46,520
13960,566,46,520
13961,566,46,520
13965,566,46,520
13969,566,46,520
13988,566,46,520
13989,566,46,520
13990,566,46,520
13991,566,46,520
13994,566,46,520
14004,566,46,520
14009,566,46,520
14019,566,46,520
14023,566,46,520
14026,566,46,520
14030,566,46,520
14032,566,46,520
14040,566,46,520
14049,566,46,520
14051,566,46,520
14056,566,46,520
14059,566,46,520
14069,566,46,520
14075,566,46,520
14076,566,46,520
14077,567,46,521
14084,568,46,522
14094,568,46,522
14096,568,46,522
14107,568,46,522
14108,568,46,522
14111,568,46,522
14115,568,46,522
14116,568,46,522
14130,568,46,522
14136,568,46,522
14144,568,46,522
14146,569,46,523
14148,569,46,523
14159,569,46,523
14165,569,46,523
14166,569,46,523
14175,570,46,524
14181,570,46,524
14187,570,46,524
14188,570,46,524
14195,570,46,524
14202,570,46,524
14204,570,46,524
14216,571,46,525
14225,571,46,525
14236,571,46,525
14237,571,46,525
14239,571,46,525
14243,571,46,525
14251,571,46,525
14256,571,46,525
14274,571,46,525
14282,571,46,525
14284,571,46,525
14286,571,46,525
14287,571,46,525
14289,571,46,525
14305,571,46,525
14315,572,46,526
14326,572,46,526
14328,572,46,526
14330,572,46,526
14343,572,46,526
14344,572,46,526
14364,573,46,527
14370,573,46,527
14372,573,46,527
14373,573,46,527
14374,573,46,527
14381,573,46,527
14401,573,46,527
14404,573,46,527
14413,573,46,527
14417,573,46,527
14418,573,46,527
14420,573,46,527
14435,573,46,527
14436,573,46,527
14455,573,46,527
14456,573,46,527
14463,573,46,527
14466,573,46,527
14472,573,46,527
14492,573,46,527
14495,574,46,528
14501,574,46,528
14506,574,46,528
14507,574,46,528
14525,574,46,528
14530,574,46,528
14542,574,46,528
14551,574,46,528
14556,574,46,528
14569,574,46,528
14577,574,46,528
14584,574,46,528
14587,574,46,528
14595,574,46,528
14597,574,46,528
14608,574,46,528
14610,574,46,528
14617,574,46,528
14626,574,46,528
14636,574,46,528
14645,574,46,528
14646,574,46,528
14648,574,46,528
14669,574,46,528
14677,574,46,528
14678,575,46,529
14681,576,46,530
14684,576,46,530
14708,576,46,530
14719,576,46,530
14723,576,46,530
14724,576,46,530
14728,576,46,530
14740,576,46,530
14747,576,46,530
14753,577,46,531
14762,577,46,531
14768,577,46,531
14771,577,46,531
14774,577,46,531
14787,577,46,531
14791,577,46,531
14799,577,46,531
14801,577,46,531
14807,577,46,531
14814,577,46,531
14820,577,46,531
14823,577,46,531
14828,577,46,531
14830,578,46,532
14836,578,46,532
14843,578,46,532
14859,578,46,532
14860,578,46,532
14862,578,46,532
14864,579,46,533
14866,579,46,533
14874,579,46,533
14876,579,46,533
14892,579,46,533
14899,579,46,533
14907,579,46,533
14910,579,46,533
14915,579,46,533
14923,579,46,533
14936,579,46,533
14940,579,46,533
14945,579,46,533
14948,579,46,533
14954,579,46,533
14956,579,46,533
14960,579,46,533
14970,579,46,533
14977,579,46,533
14980,579,46,533
14986,579,46,533
14988,579,46,533
15002,579,46,533
15005,580,46,534
15007,580,46,534
15015,580,46,534
15019,580,46,534
15020,580,46,534
15024,580,46,534
15040,580,46,534
15050,580,46,534
15052,580,46,534
15057,580,46,534
15061,580,46,534
15076,580,46,534
15084,580,46,534
15087,580,46,534
15095,580,46,534
15097,580,46,534
15098,580,46,534
15107,580,46,534
15111,580,46,534
15118,580,46,534
15124,580,46,534
15134,580,46,534
15136,580,46,534
15145,580,46,534
15148,580,46,534
15149,580,46,534
15150,580,46,534
15161,580,46,534
15170,580,46,534
15174,580,46,534
15175,580,46,534
15184,580,46,534
15191,580,46,534
15195,580,46,534
15197,580,46,534
15200,581,46,535
15213,581,46,535
15217,581,46,535
15221,581,46,535
15228,582,46,536
15234,582,46,536
15238,582,46,536
15249,582,46,536
15250,582,46,536
15251,582,46,536
15257,583,46,537
15259,583,46,537
15272,583,46,537
15282,583,46,537
15287,585,46,539
15288,585,46,539
15291,585,46,539
15296,585,46,539
15308,585,46,539
15314,586,46,540
15321,586,46,540
15324,586,46,540
15326,586,46,540
15331,586,46,540
15337,586,46,540
15345,586,46,540
15361,586,46,540
15363,586,46,540
15366,586,46,540
15375,586,46,540
15379,586,46,540
15385,586,46,540
15399,586,46,540
15402,586,46,540
15408,587,46,541
15416,587,46,541
15430,587,46,541
15435,587,46,541
15440,587,46,541
15453,587,46,541
15470,587,46,541
15472,587,46,541
15476,587,46,541
15480,587,46,541
15491,587,46,541
15505,587,46,541
15507,587,46,541
15518,587,46,541
15527,587,46,541
15529,587,46,541
15537,588,46,542
15555,588,46,542
15568,588,46,542
15569,588,46,542
15572,588,46,542
15592,588,46,542
15603,588,46,542
15608,588,46,542
15619,588,46,542
15630,588,46,542
15636,588,46,542
15649,588,46,542
15665,588,46,542
15669,588,46,542
15670,588,46,542
15685,588,46,542
15702,588,46,542
15710,588,46,542
15725,588,46,542
15736,589,46,543
15764,589,46,543
15769,589,46,543
15804,589,46,543
15807,589,46,543
15838,589,46,543
15844,589,46,543
15871,589,46,543
15883,589,46,543
15905,589,46,543
15921,589,46,543
15938,589,46,543
15957,589,46,543
15972,589,46,543
15995,589,46,543
16007,589,46,543
16033,589,46,543
16042,589,46,543
16071,589,46,543
16076,590,46,544
16109,590,46,544
16110,590,46,544
16142,590,46,544
16147,590,46,544
16177,590,46,544
16184,590,46,544
16212,590,46,544
16222,590,46,544
16248,590,46,544
16254,590,46,544
16259,590,46,544
16283,590,46,544
16284,590,46,544
16294,590,46,544
16314,590,46,544
16319,590,46,544
16332,590,46,544
16345,590,46,544
16353,590,46,544
16369,590,46,544
16376,590,46,544
16387,590,46,544
16406,590,46,544
16410,590,46,544
16422,590,46,544
16438,590,46,544
16449,590,46,544
16456,590,46,544
16471,590,46,544
16488,590,46,544
16489,590,46,544
16506,590,46,544
16521,590,46,544
16528,590,46,544
16536,590,46,544
16554,590,46,544
16568,590,46,544
16569,590,46,544
16587,591,46,545
16601,591,46,545
16604,591,46,545
16621,591,46,545
16636,591,46,545
16646,591,46,545
16655,591,46,545
16669,591,46,545
16683,591,46,545
16690,591,46,545
16703,591,46,545
16723,591,46,545
16725,591,46,545
16736,591,46,545
16760,591,46,545
16761,591,46,545
16771,591,46,545
16795,591,46,545
16798,591,46,545
16803,591,46,545
16832,592,46,546
16836,592,46,546
16837,592,46,546
16865,592,46,546
16871,592,46,546
16876,592,46,546
16899,592,46,546
16906,592,46,546
16912,592,46,546
16932,592,46,546
16940,592,46,546
16951,592,46,546
16966,592,46,546
16975,592,46,546
16988,592,46,546
17000,592,46,546
17009,592,46,546
17027,592,46,546
17034,592,46,546
17044,592,46,546
17066,592,46,546
17068,592,46,546
17079,592,46,546
17103,592,46,546
17108,592,46,546
17113,593,46,547
17139,593,46,547
17146,593,46,547
17153,593,46,547
17174,593,46,547
17183,593,46,547
17194,593,46,547
17209,593,46,547
17216,593,46,547
17237,593,46,547
17245,593,46,547
17248,593,46,547
17279,593,46,547
17283,593,46,547
17314,593,46,547
17318,593,46,547
17320,593,46,547
17346,593,46,547
17352,594,46,548
17358,594,46,548
17380,594,46,548
17386,594,46,548
17398,594,46,548
17414,594,46,548
17419,594,46,548
17436,594,46,548
17446,594,46,548
17454,595,46,549
17480,595,46,549
17489,595,46,549
17515,595,46,549
17518,595,46,549
17523,595,46,549
17557,595,46,549
17559,595,46,549
17594,596,46,550
17596,596,46,550
17628,596,46,550
17636,596,46,550
17662,596,46,550
17675,596,46,550
17697,597,46,551
17716,597,46,551
17734,597,46,551
17755,597,46,551
17767,597,46,551
17796,597,46,551
17802,597,46,551
17835,597,46,551
17836,597,46,551
17873,597,46,551
17874,597,46,551
17908,597,46,551
17943,597,46,551
17976,598,46,552
18014,598,46,552
18047,598,46,552
18081,598,46,552
18113,599,46,553
18150,599,46,553
18185,602,46,556
18221,602,46,556
18259,602,46,556
18298,602,46,556
18336,602,46,556
18373,602,46,556
18411,602,46,556
18452,602,46,556
18489,603,46,557
18527,603,46,557
18564,603,46,557
18601,603,46,557
18638,605,46,559
18674,605,46,559
18712,605,46,559
18752,605,46,559
18790,606,46,560
18827,606,46,560
18865,607,46,561
18906,608,46,562
18945,609,46,563
18983,609,46,563
19021,609,46,563
19061,609,46,563
19098,609,46,563
19134,609,46,563
19170,609,46,563
19210,609,46,563
19251,610,46,564
19291,610,46,564
19330,610,46,564
19371,610,46,564
19410,610,46,564
19448,610,46,564
19488,610,46,564
19529,610,46,564
19568,610,46,564
19607,610,46,564
19648,610,46,564
19687,610,46,564
19726,610,46,564
19765,610,46,564
19809,610,46,564
19851,610,46,564
19892,610,46,564
19933,610,46,564
19975,610,46,564
20015,610,46,564
20057,610,46,564
20099,610,46,564
20139,610,46,564
20182,611,46,565
20221,611,46,565
20264,611,46,565
20305,611,46,565
20344,611,46,565
20387,611,46,565
20430,611,46,565
20472,612,46,566
20513,612,46,566
20553,612,46,566
20598,612,46,566
20640,612,46,566
20680,612,46,566
20722,612,46,566
20767,612,46,566
20811,613,46,567
20854,614,46,568
20898,614,46,568
20940,614,46,568
20982,614,46,568
21024,615,46,569
21068,616,46,570
21110,616,46,570
21152,616,46,570
21196,616,46,570
21238,616,46,570
21282,616,46,570
21325,616,46,570
21367,616,46,570
21412,616,46,570
21456,616,46,570
21501,616,46,570
21546,616,46,570
21591,616,46,570
21637,616,46,570
21680,616,46,570
21726,616,46,570
21771,616,46,570
21816,616,46,570
21863,616,46,570
21908,616,46,570
21952,616,46,570
21995,616,46,570
22042,616,46,570
22089,617,46,571
