Time,Accumulated All,Accumulated Acceptable,Accumulated Unacceptable
1,0,0,0
2,1,0,1
4,2,0,2
5,5,0,5
6,5,0,5
7,5,0,5
8,5,0,5
9,5,0,5
10,5,0,5
12,5,0,5
13,5,0,5
15,7,1,6
16,12,2,10
17,12,2,10
18,15,5,10
20,15,5,10
21,16,5,11
22,22,6,16
23,24,6,18
24,25,6,19
25,26,7,19
26,27,7,20
28,35,10,25
29,38,10,28
30,38,10,28
31,40,10,30
33,42,10,32
34,44,10,34
35,46,10,36
36,49,11,38
37,53,11,42
39,58,14,44
40,62,14,48
41,67,14,53
43,76,14,62
44,77,14,63
45,79,14,65
46,80,14,66
47,82,14,68
48,85,14,71
49,88,14,74
50,88,14,74
51,91,14,77
52,92,14,78
53,93,14,79
54,102,14,88
55,103,14,89
56,105,14,91
57,105,14,91
58,105,14,91
60,113,14,99
61,117,14,103
62,117,14,103
63,117,14,103
64,119,14,105
65,119,14,105
66,121,14,107
67,124,16,108
68,127,16,111
69,131,16,115
70,132,16,116
71,133,16,117
72,136,16,120
73,140,17,123
74,140,17,123
75,148,17,131
77,153,17,136
78,157,17,140
79,158,17,141
80,159,18,141
81,159,18,141
82,160,18,142
83,165,18,147
84,165,18,147
85,165,18,147
86,166,18,148
88,170,18,152
89,170,18,152
90,179,19,160
91,179,19,160
92,179,19,160
94,185,19,166
95,187,19,168
96,193,19,174
97,194,19,175
99,194,19,175
100,202,19,183
101,206,20,186
102,206,20,186
103,206,20,186
104,207,20,187
105,209,20,189
106,213,21,192
107,217,21,196
108,217,21,196
109,218,21,197
110,218,21,197
111,218,21,197
112,218,21,197
113,220,21,199
114,221,21,200
116,223,21,202
117,224,21,203
118,226,21,205
119,226,21,205
121,229,21,208
123,229,21,208
124,229,21,208
125,229,21,208
126,232,21,211
127,232,21,211
129,232,21,211
130,232,21,211
131,232,21,211
132,232,21,211
133,236,21,215
137,237,21,216
138,239,21,218
139,239,21,218
141,239,21,218
143,239,21,218
144,240,21,219
145,240,21,219
146,240,21,219
148,240,21,219
150,240,21,219
152,240,21,219
153,240,21,219
155,242,21,221
157,243,21,222
158,244,21,223
159,244,21,223
160,244,21,223
162,244,21,223
163,244,21,223
164,244,21,223
165,244,21,223
167,247,21,226
168,247,21,226
169,247,21,226
171,247,21,226
172,247,21,226
173,252,21,231
175,252,21,231
176,252,21,231
177,253,21,232
178,253,21,232
179,253,21,232
180,253,21,232
182,253,21,232
183,253,21,232
184,253,21,232
185,256,21,235
186,256,21,235
187,256,21,235
188,256,21,235
189,256,21,235
190,256,21,235
191,257,21,236
192,257,21,236
193,257,21,236
194,257,21,236
196,257,21,236
197,257,21,236
198,257,21,236
199,259,21,238
201,259,21,238
203,259,21,238
205,259,21,238
206,259,21,238
207,259,21,238
208,259,21,238
209,259,21,238
211,261,21,240
212,261,21,240
213,261,21,240
214,261,21,240
217,261,21,240
218,262,21,241
219,265,21,244
222,265,21,244
224,265,21,244
225,265,21,244
226,265,21,244
227,265,21,244
229,266,21,245
230,266,21,245
231,266,21,245
232,266,21,245
234,266,21,245
237,266,21,245
238,266,21,245
239,269,21,248
241,270,21,249
242,270,21,249
244,270,21,249
245,270,21,249
247,270,21,249
248,271,21,250
250,271,21,250
252,271,21,250
254,271,21,250
255,274,21,253
257,274,21,253
258,274,21,253
259,274,21,253
260,274,21,253
261,274,21,253
262,274,21,253
263,274,21,253
266,274,21,253
267,274,21,253
268,275,21,254
269,275,21,254
270,275,21,254
271,275,21,254
273,275,21,254
274,275,21,254
275,276,21,255
278,276,21,255
279,276,21,255
280,277,21,256
281,277,21,256
282,277,21,256
283,277,21,256
284,277,21,256
286,277,21,256
288,277,21,256
289,277,21,256
292,277,21,256
293,278,21,257
294,278,21,257
295,278,21,257
296,278,21,257
297,278,21,257
298,278,21,257
300,278,21,257
301,278,21,257
302,278,21,257
303,278,21,257
305,280,21,259
306,281,21,260
307,281,21,260
308,281,21,260
310,281,21,260
311,281,21,260
312,281,21,260
314,281,21,260
315,281,21,260
316,281,21,260
317,282,21,261
320,283,21,262
322,283,21,262
324,283,21,262
325,283,21,262
326,283,21,262
328,283,21,262
329,283,21,262
330,284,21,263
331,284,21,263
332,284,21,263
333,285,21,264
334,285,21,264
336,285,21,264
337,285,21,264
339,285,21,264
342,286,21,265
344,287,21,266
346,287,21,266
347,287,21,266
348,287,21,266
349,287,21,266
350,287,21,266
351,287,21,266
354,287,21,266
355,287,21,266
356,289,21,268
357,289,21,268
360,289,21,268
361,290,21,269
362,290,21,269
365,290,21,269
366,290,21,269
367,291,21,270
368,291,21,270
369,291,21,270
371,291,21,270
372,291,21,270
373,291,21,270
374,291,21,270
376,292,21,271
377,292,21,271
378,292,21,271
380,293,21,272
381,293,21,272
383,294,21,273
385,298,21,277
386,298,21,277
387,299,21,278
388,300,21,279
391,300,21,279
392,301,21,280
393,301,21,280
394,301,21,280
396,301,21,280
397,301,21,280
398,301,21,280
399,301,21,280
400,301,21,280
401,301,21,280
402,301,21,280
403,301,21,280
406,301,21,280
407,301,21,280
408,301,21,280
410,301,21,280
411,301,21,280
412,301,21,280
413,302,21,281
414,303,21,282
416,303,21,282
417,303,21,282
418,303,21,282
419,303,21,282
420,303,21,282
422,303,21,282
423,303,21,282
424,304,21,283
425,305,21,284
426,308,21,287
427,309,21,288
428,309,21,288
429,309,21,288
431,309,21,288
432,309,21,288
433,309,21,288
437,309,21,288
438,310,21,289
439,310,21,289
440,311,21,290
443,311,21,290
444,312,21,291
446,312,21,291
447,313,21,292
449,313,21,292
450,313,21,292
454,314,21,293
455,314,21,293
456,314,21,293
459,314,21,293
460,314,21,293
462,314,21,293
463,314,21,293
464,314,21,293
466,314,21,293
467,314,21,293
469,314,21,293
472,314,21,293
473,314,21,293
474,314,21,293
476,314,21,293
477,314,21,293
479,314,21,293
480,314,21,293
481,314,21,293
482,314,21,293
487,314,21,293
489,314,21,293
492,314,21,293
493,314,21,293
495,314,21,293
496,314,21,293
498,314,21,293
499,314,21,293
500,314,21,293
501,315,21,294
502,315,21,294
505,316,21,295
506,316,21,295
509,316,21,295
510,316,21,295
512,316,21,295
513,316,21,295
514,316,21,295
515,316,21,295
516,317,21,296
517,317,21,296
518,317,21,296
520,317,21,296
522,317,21,296
523,317,21,296
524,317,21,296
525,317,21,296
528,317,21,296
529,317,21,296
530,317,21,296
531,317,21,296
533,318,21,297
534,319,21,298
535,320,21,299
536,320,21,299
537,320,21,299
540,321,21,300
542,321,21,300
544,322,21,301
545,322,21,301
548,322,21,301
551,322,21,301
552,322,21,301
554,323,21,302
555,323,21,302
556,324,21,303
557,324,21,303
558,324,21,303
560,324,21,303
561,324,21,303
562,324,21,303
563,324,21,303
564,325,21,304
567,325,21,304
569,325,21,304
570,326,21,305
571,326,21,305
572,326,21,305
573,326,21,305
574,326,21,305
577,328,21,307
578,328,21,307
579,328,21,307
580,330,21,309
581,330,21,309
582,331,21,310
584,331,21,310
586,331,21,310
588,333,21,312
589,333,21,312
590,333,21,312
593,333,21,312
594,333,21,312
598,333,21,312
599,334,21,313
600,334,21,313
601,334,21,313
606,334,21,313
608,334,21,313
609,334,21,313
610,334,21,313
611,334,21,313
612,334,21,313
615,334,21,313
617,334,21,313
618,334,21,313
619,334,21,313
620,334,21,313
622,334,21,313
623,334,21,313
627,334,21,313
628,334,21,313
629,334,21,313
630,336,21,315
633,337,21,316
636,337,21,316
637,337,21,316
638,337,21,316
639,337,21,316
643,337,21,316
646,337,21,316
647,337,21,316
648,337,21,316
654,337,21,316
656,337,21,316
657,338,21,317
658,339,21,318
659,339,21,318
662,339,21,318
663,339,21,318
665,339,21,318
666,339,21,318
667,339,21,318
668,339,21,318
669,340,21,319
670,340,21,319
673,340,21,319
674,340,21,319
675,340,21,319
676,341,21,320
678,341,21,320
680,341,21,320
682,341,21,320
683,341,21,320
686,341,21,320
688,341,21,320
690,342,21,321
691,342,21,321
692,342,21,321
693,342,21,321
694,342,21,321
696,342,21,321
697,342,21,321
698,342,21,321
700,342,21,321
701,342,21,321
703,342,21,321
705,342,21,321
706,342,21,321
708,342,21,321
710,343,21,322
711,344,21,323
712,344,21,323
713,344,21,323
714,344,21,323
715,344,21,323
716,345,21,324
718,345,21,324
720,346,21,325
721,347,21,326
724,347,21,326
725,347,21,326
726,347,21,326
728,347,21,326
729,347,21,326
731,347,21,326
732,347,21,326
734,347,21,326
735,347,21,326
736,347,21,326
739,347,21,326
740,347,21,326
741,347,21,326
742,347,21,326
745,347,21,326
746,347,21,326
748,347,21,326
749,347,21,326
750,347,21,326
751,347,21,326
754,347,21,326
755,347,21,326
759,347,21,326
761,347,21,326
762,347,21,326
764,347,21,326
766,347,21,326
767,347,21,326
768,347,21,326
769,347,21,326
772,347,21,326
773,347,21,326
775,347,21,326
776,347,21,326
777,347,21,326
778,347,21,326
781,347,21,326
782,347,21,326
784,348,21,327
785,348,21,327
786,349,21,328
787,349,21,328
792,349,21,328
793,349,21,328
795,349,21,328
796,349,21,328
797,349,21,328
803,349,21,328
804,349,21,328
805,349,21,328
806,349,21,328
808,349,21,328
811,349,21,328
813,350,21,329
816,350,21,329
817,350,21,329
818,351,21,330
819,351,21,330
822,354,21,333
823,354,21,333
824,354,21,333
826,354,21,333
828,355,21,334
830,355,21,334
831,355,21,334
832,355,21,334
835,355,21,334
836,355,21,334
837,355,21,334
839,355,21,334
840,356,21,335
846,356,21,335
847,356,21,335
848,356,21,335
849,356,21,335
852,356,21,335
853,356,21,335
855,356,21,335
856,356,21,335
857,356,21,335
859,356,21,335
863,356,21,335
864,356,21,335
865,356,21,335
866,356,21,335
869,356,21,335
870,357,21,336
873,357,21,336
875,357,21,336
876,358,21,337
877,358,21,337
879,358,21,337
881,358,21,337
884,358,21,337
885,358,21,337
886,358,21,337
887,358,21,337
889,358,21,337
890,358,21,337
891,358,21,337
893,359,21,338
894,359,21,338
895,360,21,339
896,360,21,339
899,360,21,339
900,360,21,339
901,360,21,339
903,360,21,339
904,360,21,339
906,360,21,339
908,360,21,339
911,360,21,339
913,360,21,339
916,360,21,339
919,360,21,339
922,360,21,339
923,360,21,339
924,361,21,340
926,361,21,340
927,361,21,340
928,361,21,340
929,363,21,342
931,364,21,343
935,364,21,343
936,364,21,343
938,364,21,343
939,365,21,344
940,365,21,344
942,365,21,344
945,365,21,344
946,365,21,344
948,365,21,344
949,365,21,344
950,365,21,344
951,365,21,344
953,365,21,344
958,366,21,345
959,366,21,345
961,366,21,345
962,366,21,345
967,366,21,345
968,367,21,346
969,367,21,346
970,367,21,346
971,367,21,346
973,368,21,347
974,368,21,347
975,368,21,347
976,368,21,347
977,368,21,347
979,368,21,347
980,368,21,347
982,368,21,347
983,369,21,348
985,370,21,349
987,370,21,349
988,370,21,349
989,370,21,349
991,370,21,349
993,370,21,349
994,370,21,349
995,370,21,349
996,370,21,349
998,370,21,349
1000,370,21,349
1001,370,21,349
1002,371,21,350
1005,371,21,350
1006,371,21,350
1007,371,21,350
1008,371,21,350
1009,372,21,351
1011,372,21,351
1013,373,21,352
1014,374,21,353
1015,374,21,353
1018,375,21,354
1019,375,21,354
1020,375,21,354
1024,376,21,355
1025,376,21,355
1027,376,21,355
1029,377,21,356
1030,377,21,356
1034,377,21,356
1036,377,21,356
1038,377,21,356
1039,377,21,356
1040,377,21,356
1041,377,21,356
1042,377,21,356
1044,378,21,357
1045,378,21,357
1049,378,21,357
1050,378,21,357
1051,378,21,357
1052,378,21,357
1054,378,21,357
1055,379,21,358
1056,379,21,358
1057,379,21,358
1060,379,21,358
1063,379,21,358
1065,379,21,358
1066,379,21,358
1067,379,21,358
1068,379,21,358
1069,379,21,358
1070,379,21,358
1071,379,21,358
1074,379,21,358
1075,379,21,358
1080,379,21,358
1081,380,21,359
1082,380,21,359
1083,380,21,359
1084,380,21,359
1090,380,21,359
1091,380,21,359
1092,380,21,359
1093,380,21,359
1094,380,21,359
1096,381,21,360
1101,381,21,360
1102,381,21,360
1103,381,21,360
1104,381,21,360
1108,381,21,360
1111,381,21,360
1112,381,21,360
1113,381,21,360
1114,381,21,360
1116,381,21,360
1119,381,21,360
1121,383,21,362
1122,383,21,362
1123,383,21,362
1124,383,21,362
1125,383,21,362
1127,383,21,362
1130,383,21,362
1131,383,21,362
1132,383,21,362
1133,384,21,363
1134,384,21,363
1139,386,21,365
1140,386,21,365
1141,386,21,365
1142,386,21,365
1143,386,21,365
1146,386,21,365
1148,386,21,365
1149,386,21,365
1150,386,21,365
1152,386,21,365
1153,386,21,365
1154,386,21,365
1155,386,21,365
1157,386,21,365
1159,388,21,367
1160,388,21,367
1164,388,21,367
1165,388,21,367
1166,389,21,368
1167,389,21,368
1168,389,21,368
1169,390,21,369
1170,390,21,369
1175,390,21,369
1176,390,21,369
1177,390,21,369
1178,390,21,369
1179,392,21,371
1185,392,21,371
1187,392,21,371
1188,393,21,372
1190,393,21,372
1195,394,21,373
1197,394,21,373
1199,396,21,375
1200,397,21,376
1202,397,21,376
1206,397,21,376
1207,397,21,376
1208,397,21,376
1209,397,21,376
1210,397,21,376
1211,399,21,378
1213,399,21,378
1215,399,21,378
1218,399,21,378
1220,399,21,378
1221,399,21,378
1222,399,21,378
1223,399,21,378
1225,399,21,378
1228,399,21,378
1230,401,21,380
1231,401,21,380
1233,401,21,380
1234,403,21,382
1237,403,21,382
1238,403,21,382
1239,403,21,382
1240,403,21,382
1241,403,21,382
1245,403,21,382
1246,405,21,384
1248,405,21,384
1249,405,21,384
1252,405,21,384
1254,405,21,384
1258,407,21,386
1259,407,21,386
1262,407,21,386
1263,407,21,386
1265,407,21,386
1268,407,21,386
1269,408,21,387
1270,408,21,387
1273,408,21,387
1274,408,21,387
1275,408,21,387
1278,408,21,387
1281,408,21,387
1282,410,21,389
1284,410,21,389
1285,410,21,389
1288,410,21,389
1289,410,21,389
1292,410,21,389
1293,410,21,389
1294,410,21,389
1298,410,21,389
1299,410,21,389
1303,410,21,389
1304,410,21,389
1305,411,21,390
1306,411,21,390
1309,411,21,390
1311,411,21,390
1312,411,21,390
1314,411,21,390
1315,411,21,390
1317,411,21,390
1318,411,21,390
1320,411,21,390
1323,411,21,390
1324,411,21,390
1327,411,21,390
1328,412,21,391
1329,412,21,391
1330,412,21,391
1331,412,21,391
1334,412,21,391
1339,412,21,391
1340,413,21,392
1341,413,21,392
1342,413,21,392
1343,413,21,392
1344,413,21,392
1346,414,21,393
1351,414,21,393
1352,414,21,393
1353,414,21,393
1355,415,21,394
1357,415,21,394
1359,415,21,394
1362,416,21,395
1363,416,21,395
1365,416,21,395
1367,416,21,395
1371,416,21,395
1372,416,21,395
1373,416,21,395
1374,416,21,395
1375,416,21,395
1376,416,21,395
1377,416,21,395
1380,416,21,395
1382,416,21,395
1383,416,21,395
1385,416,21,395
1387,416,21,395
1388,416,21,395
1392,416,21,395
1393,416,21,395
1394,417,21,396
1395,417,21,396
1400,417,21,396
1402,417,21,396
1403,417,21,396
1405,417,21,396
1407,417,21,396
1408,417,21,396
1412,417,21,396
1413,417,21,396
1416,417,21,396
1417,418,21,397
1418,418,21,397
1419,418,21,397
1420,418,21,397
1423,418,21,397
1424,418,21,397
1426,418,21,397
1428,418,21,397
1429,418,21,397
1430,418,21,397
1432,418,21,397
1433,419,21,398
1436,420,21,399
1440,420,21,399
1442,420,21,399
1444,421,21,400
1445,421,21,400
1446,421,21,400
1447,421,21,400
1449,421,21,400
1450,421,21,400
1451,421,21,400
1453,421,21,400
1454,422,21,401
1458,422,21,401
1460,422,21,401
1461,422,21,401
1463,422,21,401
1464,422,21,401
1465,422,21,401
1467,422,21,401
1469,422,21,401
1472,422,21,401
1475,423,21,402
1476,423,21,402
1478,423,21,402
1479,423,21,402
1483,423,21,402
1487,423,21,402
1490,423,21,402
1491,423,21,402
1496,423,21,402
1497,423,21,402
1499,423,21,402
1500,423,21,402
1501,424,21,403
1503,424,21,403
1504,424,21,403
1506,424,21,403
1507,424,21,403
1508,424,21,403
1511,424,21,403
1515,424,21,403
1516,424,21,403
1518,424,21,403
1519,425,21,404
1520,425,21,404
1522,425,21,404
1523,426,21,405
1524,426,21,405
1526,426,21,405
1527,426,21,405
1529,426,21,405
1530,426,21,405
1531,427,21,406
1532,427,21,406
1536,427,21,406
1538,427,21,406
1539,428,21,407
1542,428,21,407
1543,428,21,407
1546,429,21,408
1551,429,21,408
1554,430,21,409
1555,430,21,409
1556,430,21,409
1561,430,21,409
1562,430,21,409
1564,431,21,410
1565,432,21,411
1567,432,21,411
1570,432,21,411
1572,432,21,411
1574,432,21,411
1575,432,21,411
1577,432,21,411
1579,432,21,411
1581,433,21,412
1585,434,21,413
1589,434,21,413
1594,434,21,413
1595,434,21,413
1596,434,21,413
1600,434,21,413
1602,435,21,414
1605,435,21,414
1606,435,21,414
1607,435,21,414
1608,435,21,414
1609,435,21,414
1614,435,21,414
1615,435,21,414
1616,435,21,414
1617,435,21,414
1619,435,21,414
1621,435,21,414
1622,435,21,414
1623,435,21,414
1624,435,21,414
1626,435,21,414
1628,435,21,414
1629,436,21,415
1632,436,21,415
1634,436,21,415
1635,436,21,415
1637,436,21,415
1639,436,21,415
1641,437,21,416
1644,437,21,416
1645,438,21,417
1646,438,21,417
1649,438,21,417
1651,441,21,420
1653,442,21,421
1654,442,21,421
1655,442,21,421
1656,442,21,421
1657,442,21,421
1660,442,21,421
1662,442,21,421
1663,444,21,423
1667,444,21,423
1668,444,21,423
1669,444,21,423
1670,444,21,423
1671,444,21,423
1673,444,21,423
1674,444,21,423
1675,444,21,423
1682,445,21,424
1683,445,21,424
1684,445,21,424
1687,445,21,424
1688,445,21,424
1689,445,21,424
1690,445,21,424
1693,445,21,424
1694,445,21,424
1695,445,21,424
1696,445,21,424
1699,445,21,424
1703,445,21,424
1704,445,21,424
1705,445,21,424
1707,446,21,425
1712,446,21,425
1713,446,21,425
1715,446,21,425
1716,446,21,425
1720,446,21,425
1721,446,21,425
1723,446,21,425
1724,446,21,425
1726,446,21,425
1727,447,21,426
1729,447,21,426
1731,447,21,426
1732,447,21,426
1734,447,21,426
1736,447,21,426
1737,447,21,426
1738,447,21,426
1742,447,21,426
1743,447,21,426
1744,449,21,428
1749,449,21,428
1751,450,21,429
1753,450,21,429
1754,450,21,429
1756,450,21,429
1757,450,21,429
1758,450,21,429
1759,450,21,429
1761,450,21,429
1765,450,21,429
1766,450,21,429
1768,450,21,429
1770,450,21,429
1771,450,21,429
1772,450,21,429
1773,450,21,429
1777,450,21,429
1778,450,21,429
1782,450,21,429
1783,450,21,429
1784,450,21,429
1786,451,21,430
1789,451,21,430
1791,451,21,430
1794,451,21,430
1796,452,21,431
1797,452,21,431
1799,452,21,431
1800,452,21,431
1801,452,21,431
1804,452,21,431
1805,452,21,431
1806,452,21,431
1809,452,21,431
1810,452,21,431
1815,452,21,431
1817,452,21,431
1818,452,21,431
1821,452,21,431
1822,452,21,431
1824,452,21,431
1828,453,21,432
1829,453,21,432
1830,454,21,433
1831,454,21,433
1834,454,21,433
1835,454,21,433
1836,454,21,433
1839,454,21,433
1841,454,21,433
1842,454,21,433
1848,454,21,433
1849,455,21,434
1850,455,21,434
1851,455,21,434
1852,455,21,434
1854,456,21,435
1855,457,21,436
1860,458,21,437
1862,458,21,437
1864,458,21,437
1866,458,21,437
1868,458,21,437
1870,458,21,437
1873,458,21,437
1874,458,21,437
1878,458,21,437
1881,458,21,437
1884,458,21,437
1885,458,21,437
1887,458,21,437
1890,458,21,437
1893,458,21,437
1894,458,21,437
1896,458,21,437
1899,458,21,437
1900,458,21,437
1901,458,21,437
1902,458,21,437
1904,459,21,438
1906,459,21,438
1907,459,21,438
1913,459,21,438
1915,459,21,438
1916,459,21,438
1918,459,21,438
1919,459,21,438
1921,460,21,439
1927,460,21,439
1928,460,21,439
1929,460,21,439
1932,460,21,439
1933,461,21,440
1935,461,21,440
1940,461,21,440
1941,461,21,440
1943,462,21,441
1946,462,21,441
1948,462,21,441
1949,462,21,441
1954,463,21,442
1955,464,21,443
1958,464,21,443
1959,464,21,443
1962,464,21,443
1965,464,21,443
1966,465,21,444
1968,465,21,444
1973,465,21,444
1976,465,21,444
1978,465,21,444
1980,465,21,444
1981,465,21,444
1982,465,21,444
1985,466,21,445
1987,466,21,445
1989,466,21,445
1992,467,21,446
1993,467,21,446
1996,467,21,446
1997,467,21,446
1998,467,21,446
2000,467,21,446
2002,467,21,446
2003,467,21,446
2004,467,21,446
2007,467,21,446
2010,467,21,446
2011,467,21,446
2012,467,21,446
2014,467,21,446
2015,467,21,446
2018,467,21,446
2021,467,21,446
2024,467,21,446
2026,468,21,447
2027,468,21,447
2028,468,21,447
2031,468,21,447
2032,468,21,447
2034,468,21,447
2039,468,21,447
2041,468,21,447
2042,468,21,447
2046,468,21,447
2047,468,21,447
2048,468,21,447
2050,468,21,447
2052,468,21,447
2054,468,21,447
2055,468,21,447
2057,468,21,447
2059,468,21,447
2062,468,21,447
2064,468,21,447
2067,468,21,447
2069,468,21,447
2071,468,21,447
2074,468,21,447
2075,468,21,447
2076,468,21,447
2079,469,21,448
2081,469,21,448
2086,469,21,448
2087,469,21,448
2088,469,21,448
2089,469,21,448
2090,469,21,448
2093,469,21,448
2096,469,21,448
2099,469,21,448
2100,469,21,448
2101,469,21,448
2102,469,21,448
2103,469,21,448
2104,469,21,448
2105,469,21,448
2109,469,21,448
2110,469,21,448
2111,469,21,448
2112,469,21,448
2118,470,21,449
2120,470,21,449
2123,470,21,449
2124,470,21,449
2125,470,21,449
2126,470,21,449
2131,470,21,449
2134,470,21,449
2136,470,21,449
2138,471,21,450
2140,471,21,450
2141,471,21,450
2145,472,21,451
2147,472,21,451
2151,472,21,451
2154,472,21,451
2156,472,21,451
2160,472,21,451
2161,472,21,451
2162,472,21,451
2164,472,21,451
2168,472,21,451
2172,472,21,451
2173,472,21,451
2174,472,21,451
2175,472,21,451
2178,472,21,451
2182,472,21,451
2185,472,21,451
2187,472,21,451
2191,472,21,451
2192,472,21,451
2194,472,21,451
2195,472,21,451
2197,473,21,452
2200,473,21,452
2205,473,21,452
2209,473,21,452
2210,473,21,452
2211,473,21,452
2213,473,21,452
2216,473,21,452
2218,473,21,452
2222,473,21,452
2224,473,21,452
2225,474,21,453
2230,474,21,453
2231,474,21,453
2232,474,21,453
2234,474,21,453
2237,474,21,453
2239,474,21,453
2245,474,21,453
2247,474,21,453
2248,474,21,453
2249,474,21,453
2252,474,21,453
2254,474,21,453
2257,474,21,453
2259,474,21,453
2260,474,21,453
2264,474,21,453
2265,476,21,455
2267,476,21,455
2269,476,21,455
2272,476,21,455
2273,476,21,455
2277,476,21,455
2280,476,21,455
2281,476,21,455
2283,476,21,455
2284,476,21,455
2285,476,21,455
2286,476,21,455
2287,476,21,455
2289,476,21,455
2290,476,21,455
2297,476,21,455
2298,476,21,455
2300,476,21,455
2303,476,21,455
2306,476,21,455
2310,476,21,455
2312,476,21,455
2313,476,21,455
2314,476,21,455
2316,476,21,455
2322,477,21,456
2323,477,21,456
2324,478,21,457
2327,479,21,458
2328,479,21,458
2330,479,21,458
2334,479,21,458
2337,480,21,459
2339,480,21,459
2341,480,21,459
2342,480,21,459
2343,480,21,459
2344,480,21,459
2350,480,21,459
2351,480,21,459
2352,480,21,459
2355,480,21,459
2357,482,21,461
2358,482,21,461
2362,483,21,462
2364,483,21,462
2368,483,21,462
2369,484,21,463
2371,485,21,464
2372,485,21,464
2373,485,21,464
2378,485,21,464
2380,485,21,464
2381,485,21,464
2382,485,21,464
2385,485,21,464
2387,485,21,464
2388,485,21,464
2390,486,21,465
2394,486,21,465
2397,487,21,466
2398,487,21,466
2400,487,21,466
2401,487,21,466
2402,487,21,466
2406,487,21,466
2407,487,21,466
2408,488,21,467
2414,488,21,467
2415,488,21,467
2416,488,21,467
2418,488,21,467
2421,488,21,467
2423,488,21,467
2426,488,21,467
2428,488,21,467
2430,488,21,467
2431,488,21,467
2432,488,21,467
2435,488,21,467
2440,488,21,467
2441,489,21,468
2443,489,21,468
2444,489,21,468
2446,489,21,468
2448,489,21,468
2452,490,21,469
2455,490,21,469
2458,490,21,469
2459,490,21,469
2460,490,21,469
2461,490,21,469
2462,490,21,469
2470,491,21,470
2472,492,21,471
2473,492,21,471
2475,492,21,471
2478,493,21,472
2484,493,21,472
2486,494,21,473
2489,496,21,475
2492,496,21,475
2493,496,21,475
2495,496,21,475
2497,497,21,476
2499,497,21,476
2500,497,21,476
2508,497,21,476
2510,497,21,476
2512,497,21,476
2513,497,21,476
2514,497,21,476
2515,497,21,476
2518,497,21,476
2522,497,21,476
2523,498,21,477
2525,498,21,477
2526,498,21,477
2528,498,21,477
2529,498,21,477
2530,498,21,477
2533,498,21,477
2536,498,21,477
2537,499,21,478
2538,499,21,478
2541,499,21,478
2544,499,21,478
2546,499,21,478
2551,499,21,478
2553,499,21,478
2554,500,21,479
2555,500,21,479
2557,500,21,479
2558,500,21,479
2560,500,21,479
2564,500,21,479
2568,501,21,480
2569,501,21,480
2570,501,21,480
2573,501,21,480
2574,501,21,480
2577,502,21,481
2580,502,21,481
2582,502,21,481
2585,502,21,481
2587,502,21,481
2589,502,21,481
2591,502,21,481
2593,502,21,481
2595,502,21,481
2596,503,21,482
2597,503,21,482
2598,503,21,482
2599,503,21,482
2603,503,21,482
2604,503,21,482
2605,503,21,482
2609,503,21,482
2611,503,21,482
2612,503,21,482
2613,503,21,482
2615,504,21,483
2618,504,21,483
2620,504,21,483
2624,504,21,483
2626,504,21,483
2627,504,21,483
2629,505,21,484
2630,505,21,484
2636,506,21,485
2640,506,21,485
2641,506,21,485
2644,506,21,485
2645,506,21,485
2647,506,21,485
2648,506,21,485
2652,507,21,486
2654,507,21,486
2656,507,21,486
2658,507,21,486
2659,507,21,486
2660,507,21,486
2664,507,21,486
2666,507,21,486
2667,507,21,486
2670,508,21,487
2674,508,21,487
2675,508,21,487
2678,508,21,487
2680,508,21,487
2682,508,21,487
2684,508,21,487
2686,508,21,487
2688,508,21,487
2689,509,21,488
2691,510,21,489
2692,510,21,489
2694,510,21,489
2698,511,21,490
2701,511,21,490
2704,511,21,490
2706,511,21,490
2707,511,21,490
2708,511,21,490
2709,511,21,490
2710,511,21,490
2713,511,21,490
2714,511,21,490
2716,511,21,490
2718,511,21,490
2722,511,21,490
2723,511,21,490
2724,511,21,490
2725,511,21,490
2726,511,21,490
2730,511,21,490
2731,511,21,490
2732,513,21,492
2733,513,21,492
2737,513,21,492
2738,513,21,492
2742,513,21,492
2743,513,21,492
2746,513,21,492
2747,513,21,492
2748,513,21,492
2751,515,21,494
2752,515,21,494
2754,515,21,494
2759,515,21,494
2760,515,21,494
2762,515,21,494
2763,515,21,494
2765,515,21,494
2766,516,21,495
2767,516,21,495
2769,517,21,496
2770,518,21,497
2775,518,21,497
2776,518,21,497
2779,519,21,498
2781,519,21,498
2782,519,21,498
2784,520,21,499
2785,520,21,499
2786,520,21,499
2787,520,21,499
2789,520,21,499
2793,520,21,499
2794,520,21,499
2796,520,21,499
2799,520,21,499
2800,520,21,499
2803,520,21,499
2805,520,21,499
2808,520,21,499
2809,520,21,499
2811,520,21,499
2812,520,21,499
2813,520,21,499
2814,520,21,499
2816,520,21,499
2822,520,21,499
2824,521,21,500
2826,521,21,500
2828,521,21,500
2829,521,21,500
2830,521,21,500
2832,521,21,500
2839,521,21,500
2840,521,21,500
2841,521,21,500
2845,521,21,500
2846,521,21,500
2847,522,21,501
2850,522,21,501
2853,522,21,501
2854,522,21,501
2856,522,21,501
2857,522,21,501
2861,522,21,501
2863,523,21,502
2865,523,21,502
2867,523,21,502
2871,523,21,502
2877,523,21,502
2878,523,21,502
2881,523,21,502
2883,523,21,502
2885,523,21,502
2890,523,21,502
2891,523,21,502
2895,523,21,502
2897,524,21,503
2898,524,21,503
2900,524,21,503
2901,524,21,503
2902,524,21,503
2904,525,21,504
2908,525,21,504
2912,525,21,504
2914,525,21,504
2915,525,21,504
2917,525,21,504
2918,525,21,504
2922,525,21,504
2924,525,21,504
2926,525,21,504
2929,525,21,504
2930,525,21,504
2936,525,21,504
2937,525,21,504
2939,525,21,504
2941,525,21,504
2942,525,21,504
2944,525,21,504
2946,525,21,504
2947,525,21,504
2951,525,21,504
2952,525,21,504
2958,525,21,504
2960,526,21,505
2961,526,21,505
2963,526,21,505
2966,526,21,505
2968,526,21,505
2969,526,21,505
2971,526,21,505
2975,526,21,505
2977,528,21,507
2980,529,21,508
2981,529,21,508
2985,529,21,508
2987,529,21,508
2990,529,21,508
2994,530,21,509
2997,530,21,509
2998,530,21,509
2999,530,21,509
3000,531,21,510
3004,531,21,510
3008,531,21,510
3010,531,21,510
3013,531,21,510
3015,531,21,510
3017,532,21,511
3019,532,21,511
3020,532,21,511
3022,532,21,511
3024,533,21,512
3027,533,21,512
3028,533,21,512
3031,533,21,512
3032,533,21,512
3033,533,21,512
3037,533,21,512
3038,533,21,512
3042,533,21,512
3043,533,21,512
3051,533,21,512
3054,533,21,512
3059,533,21,512
3060,533,21,512
3066,533,21,512
3070,533,21,512
3073,533,21,512
3075,533,21,512
3077,533,21,512
3078,533,21,512
3079,533,21,512
3082,533,21,512
3086,534,21,513
3088,534,21,513
3092,534,21,513
3095,534,21,513
3097,535,21,514
3099,535,21,514
3100,535,21,514
3103,535,21,514
3105,535,21,514
3111,535,21,514
3112,535,21,514
3115,536,21,515
3116,537,21,516
3117,537,21,516
3118,537,21,516
3128,537,21,516
3131,537,21,516
3132,537,21,516
3133,537,21,516
3134,537,21,516
3136,537,21,516
3138,537,21,516
3144,538,21,517
3146,539,21,518
3147,539,21,518
3149,540,21,519
3150,540,21,519
3152,540,21,519
3154,540,21,519
3157,540,21,519
3161,540,21,519
3162,541,21,520
3163,541,21,520
3164,541,21,520
3170,541,21,520
3171,541,21,520
3172,541,21,520
3176,541,21,520
3177,541,21,520
3180,541,21,520
3181,541,21,520
3183,541,21,520
3184,541,21,520
3189,542,21,521
3190,542,21,521
3191,542,21,521
3192,542,21,521
3197,542,21,521
3198,542,21,521
3204,542,21,521
3205,542,21,521
3209,542,21,521
3210,542,21,521
3211,542,21,521
3213,542,21,521
3215,542,21,521
3221,542,21,521
3223,542,21,521
3224,542,21,521
3229,542,21,521
3230,542,21,521
3231,542,21,521
3232,542,21,521
3234,546,21,525
3235,546,21,525
3239,546,21,525
3246,547,21,526
3249,547,21,526
3250,548,21,527
3253,549,21,528
3254,549,21,528
3255,549,21,528
3264,549,21,528
3265,549,21,528
3266,549,21,528
3267,549,21,528
3269,549,21,528
3272,549,21,528
3276,549,21,528
3280,549,21,528
3282,549,21,528
3283,549,21,528
3284,549,21,528
3285,549,21,528
3294,549,21,528
3296,550,21,529
3297,550,21,529
3298,550,21,529
3299,550,21,529
3300,550,21,529
3303,550,21,529
3308,551,21,530
3312,551,21,530
3313,552,21,531
3314,553,21,532
3316,553,21,532
3317,553,21,532
3321,553,21,532
3322,553,21,532
3327,553,21,532
3328,553,21,532
3330,553,21,532
3331,553,21,532
3335,554,21,533
3336,554,21,533
3339,554,21,533
3340,554,21,533
3342,554,21,533
3343,554,21,533
3345,555,21,534
3346,555,21,534
3350,555,21,534
3355,557,21,536
3357,557,21,536
3358,557,21,536
3360,557,21,536
3361,557,21,536
3362,557,21,536
3364,557,21,536
3373,557,21,536
3374,559,21,538
3375,559,21,538
3378,559,21,538
3383,561,21,540
3388,561,21,540
3390,562,21,541
3392,562,21,541
3394,563,21,542
3395,564,21,543
3404,564,21,543
3405,564,21,543
3408,564,21,543
3412,564,21,543
3413,564,21,543
3416,565,21,544
3419,565,21,544
3420,565,21,544
3421,565,21,544
3426,565,21,544
3429,567,21,546
3431,567,21,546
3434,568,21,547
3435,568,21,547
3437,568,21,547
3438,570,21,549
3446,571,21,550
3447,571,21,550
3448,571,21,550
3449,571,21,550
3450,571,21,550
3451,571,21,550
3453,571,21,550
3458,572,21,551
3460,572,21,551
3461,572,21,551
3465,572,21,551
3466,572,21,551
3467,572,21,551
3468,572,21,551
3471,572,21,551
3474,573,21,552
3478,575,21,554
3481,575,21,554
3482,575,21,554
3484,575,21,554
3486,576,21,555
3487,576,21,555
3489,576,21,555
3492,576,21,555
3496,576,21,555
3497,576,21,555
3501,577,21,556
3504,578,21,557
3507,578,21,557
3510,578,21,557
3511,578,21,557
3514,578,21,557
3520,578,21,557
3522,578,21,557
3526,578,21,557
3527,578,21,557
3529,579,21,558
3531,579,21,558
3533,579,21,558
3537,579,21,558
3541,579,21,558
3542,579,21,558
3543,579,21,558
3546,579,21,558
3549,579,21,558
3552,579,21,558
3554,579,21,558
3555,579,21,558
3556,579,21,558
3557,579,21,558
3561,580,21,559
3569,580,21,559
3570,580,21,559
3571,580,21,559
3573,580,21,559
3579,580,21,559
3584,581,21,560
3586,582,21,561
3587,582,21,561
3588,582,21,561
3590,582,21,561
3592,582,21,561
3595,582,21,561
3597,582,21,561
3599,582,21,561
3600,582,21,561
3601,582,21,561
3603,582,21,561
3609,582,21,561
3610,583,21,562
3615,583,21,562
3617,584,21,563
3623,584,21,563
3627,584,21,563
3628,584,21,563
3631,584,21,563
3635,584,21,563
3636,585,21,564
3640,585,21,564
3644,585,21,564
3647,585,21,564
3648,585,21,564
3649,585,21,564
3651,585,21,564
3654,585,21,564
3657,585,21,564
3660,585,21,564
3661,585,21,564
3663,586,21,565
3666,586,21,565
3668,586,21,565
3671,586,21,565
3673,586,21,565
3675,586,21,565
3676,586,21,565
3677,586,21,565
3679,586,21,565
3684,586,21,565
3685,586,21,565
3687,586,21,565
3691,586,21,565
3692,586,21,565
3693,586,21,565
3695,586,21,565
3701,587,21,566
3707,587,21,566
3708,587,21,566
3712,587,21,566
3713,587,21,566
3717,587,21,566
3719,587,21,566
3724,587,21,566
3728,588,21,567
3730,588,21,567
3731,589,21,568
3733,590,21,569
3741,590,21,569
3746,590,21,569
3747,590,21,569
3748,590,21,569
3749,590,21,569
3750,590,21,569
3751,590,21,569
3752,590,21,569
3755,590,21,569
3760,590,21,569
3761,590,21,569
3765,590,21,569
3769,592,21,571
3771,592,21,571
3773,592,21,571
3775,592,21,571
3781,592,21,571
3789,592,21,571
3790,592,21,571
3791,592,21,571
3792,592,21,571
3796,592,21,571
3797,592,21,571
3802,592,21,571
3803,592,21,571
3806,592,21,571
3807,592,21,571
3810,592,21,571
3812,593,21,572
3816,593,21,572
3818,593,21,572
3824,593,21,572
3825,594,21,573
3826,594,21,573
3828,594,21,573
3829,594,21,573
3830,594,21,573
3832,594,21,573
3840,594,21,573
3841,594,21,573
3843,594,21,573
3845,596,21,575
3847,596,21,575
3854,596,21,575
3857,596,21,575
3860,596,21,575
3861,596,21,575
3862,596,21,575
3863,596,21,575
3864,596,21,575
3865,596,21,575
3870,596,21,575
3876,596,21,575
3877,597,21,576
3879,597,21,576
3880,597,21,576
3882,597,21,576
3883,597,21,576
3884,597,21,576
3891,597,21,576
3895,597,21,576
3897,597,21,576
3898,598,21,577
3900,599,21,578
3902,599,21,578
3903,600,21,579
3907,600,21,579
3912,600,21,579
3913,600,21,579
3914,600,21,579
3915,600,21,579
3916,600,21,579
3919,600,21,579
3920,600,21,579
3923,601,21,580
3924,601,21,580
3926,601,21,580
3932,601,21,580
3934,601,21,580
3937,601,21,580
3938,601,21,580
3940,601,21,580
3941,601,21,580
3945,601,21,580
3947,601,21,580
3950,601,21,580
3954,602,21,581
3955,604,21,583
3956,604,21,583
3961,604,21,583
3967,604,21,583
3970,604,21,583
3972,604,21,583
3973,604,21,583
3974,604,21,583
3975,604,21,583
3982,604,21,583
3985,604,21,583
3988,604,21,583
3989,604,21,583
3992,604,21,583
3993,604,21,583
4000,605,21,584
4001,605,21,584
4002,605,21,584
4003,605,21,584
4006,605,21,584
4007,605,21,584
4009,605,21,584
4012,605,21,584
4017,606,21,585
4018,606,21,585
4020,606,21,585
4023,606,21,585
4025,606,21,585
4027,606,21,585
4028,607,21,586
4031,608,21,587
4032,608,21,587
4033,608,21,587
4037,608,21,587
4038,608,21,587
4043,608,21,587
4044,609,21,588
4047,609,21,588
4050,609,21,588
4051,610,21,589
4053,610,21,589
4056,610,21,589
4060,610,21,589
4061,610,21,589
4062,610,21,589
4069,610,21,589
4070,610,21,589
4073,610,21,589
4074,610,21,589
4075,610,21,589
4077,610,21,589
4079,610,21,589
4088,610,21,589
4089,610,21,589
4091,610,21,589
4092,610,21,589
4096,610,21,589
4097,610,21,589
4100,610,21,589
4106,610,21,589
4107,610,21,589
4108,610,21,589
4109,610,21,589
4110,610,21,589
4111,610,21,589
4114,610,21,589
4117,610,21,589
4122,610,21,589
4123,611,21,590
4124,611,21,590
4128,611,21,590
4129,611,21,590
4131,611,21,590
4134,611,21,590
4135,611,21,590
4137,612,21,591
4139,612,21,591
4142,612,21,591
4146,612,21,591
4147,612,21,591
4150,612,21,591
4153,614,21,593
4154,614,21,593
4156,614,21,593
4164,614,21,593
4169,614,21,593
4171,615,21,594
4173,615,21,594
4174,615,21,594
4181,615,21,594
4183,615,21,594
4187,615,21,594
4188,615,21,594
4189,615,21,594
4193,616,21,595
4194,616,21,595
4196,616,21,595
4199,616,21,595
4200,616,21,595
4206,616,21,595
4208,616,21,595
4210,618,21,597
4211,618,21,597
4215,619,21,598
4217,619,21,598
4218,620,21,599
4222,620,21,599
4226,620,21,599
4228,620,21,599
4229,620,21,599
4230,620,21,599
4234,620,21,599
4236,620,21,599
4240,620,21,599
4241,620,21,599
4245,620,21,599
4247,620,21,599
4249,620,21,599
4254,620,21,599
4261,620,21,599
4262,620,21,599
4263,620,21,599
4264,620,21,599
4267,620,21,599
4272,620,21,599
4279,620,21,599
4280,620,21,599
4284,621,21,600
4285,621,21,600
4286,621,21,600
4287,621,21,600
4290,621,21,600
4295,621,21,600
4298,621,21,600
4303,621,21,600
4304,621,21,600
4307,622,21,601
4308,622,21,601
4311,622,21,601
4312,622,21,601
4317,622,21,601
4320,622,21,601
4322,622,21,601
4323,622,21,601
4325,622,21,601
4327,622,21,601
4328,622,21,601
4338,622,21,601
4339,623,21,602
4341,623,21,602
4342,623,21,602
4343,623,21,602
4344,623,21,602
4346,623,21,602
4352,623,21,602
4356,623,21,602
4359,623,21,602
4360,623,21,602
4361,624,21,603
4362,624,21,603
4364,624,21,603
4368,624,21,603
4373,624,21,603
4376,624,21,603
4378,624,21,603
4380,625,21,604
4385,625,21,604
4390,626,21,605
4391,626,21,605
4392,626,21,605
4396,626,21,605
4397,627,21,606
4398,627,21,606
4401,628,21,607
4402,628,21,607
4405,628,21,607
4406,628,21,607
4409,628,21,607
4412,628,21,607
4414,628,21,607
4418,628,21,607
4420,628,21,607
4421,628,21,607
4423,628,21,607
4425,628,21,607
4431,628,21,607
4433,628,21,607
4438,629,21,608
4439,629,21,608
4440,629,21,608
4441,629,21,608
4442,630,21,609
4445,631,21,610
4448,631,21,610
4449,631,21,610
4452,631,21,610
4456,631,21,610
4458,632,21,611
4459,632,21,611
4466,632,21,611
4467,632,21,611
4469,632,21,611
4471,632,21,611
4472,632,21,611
4474,632,21,611
4477,632,21,611
4485,632,21,611
4488,632,21,611
4490,632,21,611
4492,632,21,611
4493,633,21,612
4497,633,21,612
4503,633,21,612
4504,633,21,612
4506,633,21,612
4511,633,21,612
4512,633,21,612
4513,634,21,613
4514,634,21,613
4515,634,21,613
4516,635,21,614
4520,635,21,614
4525,635,21,614
4529,636,21,615
4530,636,21,615
4535,637,21,616
4536,638,21,617
4538,638,21,617
4541,638,21,617
4546,638,21,617
4547,638,21,617
4548,638,21,617
4549,638,21,617
4552,638,21,617
4556,639,21,618
4557,639,21,618
4559,639,21,618
4561,639,21,618
4564,639,21,618
4566,639,21,618
4567,639,21,618
4568,640,21,619
4575,640,21,619
4576,640,21,619
4580,640,21,619
4583,640,21,619
4584,641,21,620
4585,641,21,620
4586,643,21,622
4591,643,21,622
4593,643,21,622
4595,643,21,622
4599,643,21,622
4603,643,21,622
4604,643,21,622
4611,643,21,622
4613,643,21,622
4614,643,21,622
4615,643,21,622
4622,643,21,622
4623,643,21,622
4624,644,21,623
4630,644,21,623
4631,644,21,623
4633,644,21,623
4634,644,21,623
4639,644,21,623
4640,644,21,623
4643,644,21,623
4645,644,21,623
4646,644,21,623
4648,644,21,623
4649,644,21,623
4656,644,21,623
4658,644,21,623
4659,644,21,623
4661,644,21,623
4662,644,21,623
4666,644,21,623
4669,644,21,623
4675,645,21,624
4677,646,21,625
4678,646,21,625
4679,646,21,625
4684,646,21,625
4686,646,21,625
4693,646,21,625
4695,646,21,625
4696,646,21,625
4697,646,21,625
4698,646,21,625
4701,646,21,625
4704,646,21,625
4711,646,21,625
4712,646,21,625
4715,646,21,625
4716,647,21,626
4719,647,21,626
4722,647,21,626
4723,647,21,626
4725,647,21,626
4728,647,21,626
4730,647,21,626
4733,647,21,626
4734,647,21,626
4736,647,21,626
4737,647,21,626
4742,647,21,626
4743,647,21,626
4747,647,21,626
4749,647,21,626
4750,647,21,626
4751,647,21,626
4755,647,21,626
4758,647,21,626
4761,647,21,626
4764,647,21,626
4768,647,21,626
4775,647,21,626
4776,647,21,626
4779,647,21,626
4781,647,21,626
4782,647,21,626
4785,647,21,626
4788,647,21,626
4794,647,21,626
4795,647,21,626
4798,647,21,626
4799,647,21,626
4801,647,21,626
4805,647,21,626
4807,647,21,626
4812,648,21,627
4815,649,21,628
4818,649,21,628
4819,649,21,628
4824,650,21,629
4826,650,21,629
4831,650,21,629
4835,650,21,629
4836,650,21,629
4844,650,21,629
4846,650,21,629
4848,650,21,629
4850,650,21,629
4853,650,21,629
4855,651,21,630
4864,651,21,630
4865,652,21,631
4866,653,21,632
4868,653,21,632
4870,653,21,632
4872,653,21,632
4874,653,21,632
4875,653,21,632
4876,653,21,632
4881,653,21,632
4885,653,21,632
4887,653,21,632
4889,653,21,632
4890,653,21,632
4894,653,21,632
4898,653,21,632
4903,653,21,632
4906,653,21,632
4909,653,21,632
4910,653,21,632
4912,653,21,632
4915,653,21,632
4917,653,21,632
4926,653,21,632
4927,653,21,632
4929,653,21,632
4930,653,21,632
4931,653,21,632
4932,653,21,632
4937,653,21,632
4947,653,21,632
4949,653,21,632
4950,653,21,632
4952,653,21,632
4955,653,21,632
4967,653,21,632
4968,654,21,633
4969,654,21,633
4971,654,21,633
4973,654,21,633
4977,654,21,633
4980,654,21,633
4985,655,21,634
4987,655,21,634
4988,655,21,634
4990,657,21,636
4993,657,21,636
4994,657,21,636
4995,657,21,636
5000,657,21,636
5001,657,21,636
5002,657,21,636
5006,657,21,636
5007,657,21,636
5009,657,21,636
5012,658,21,637
5017,659,21,638
5018,659,21,638
5020,659,21,638
5023,659,21,638
5026,659,21,638
5027,659,21,638
5030,659,21,638
5032,660,21,639
5035,660,21,639
5039,660,21,639
5045,660,21,639
5046,660,21,639
5047,660,21,639
5049,660,21,639
5050,660,21,639
5051,660,21,639
5056,660,21,639
5059,660,21,639
5066,660,21,639
5067,660,21,639
5070,660,21,639
5071,660,21,639
5077,660,21,639
5079,660,21,639
5084,660,21,639
5086,660,21,639
5087,660,21,639
5088,660,21,639
5092,660,21,639
5094,660,21,639
5099,660,21,639
5101,660,21,639
5102,660,21,639
5104,660,21,639
5106,660,21,639
5112,660,21,639
5113,660,21,639
5117,660,21,639
5121,660,21,639
5122,660,21,639
5125,660,21,639
5127,660,21,639
5132,660,21,639
5133,660,21,639
5139,661,21,640
5140,661,21,640
5142,661,21,640
5145,661,21,640
5146,661,21,640
5147,661,21,640
5154,661,21,640
5157,661,21,640
5158,661,21,640
5162,661,21,640
5163,661,21,640
5164,661,21,640
5166,661,21,640
5169,661,21,640
5172,661,21,640
5176,661,21,640
5179,661,21,640
5181,661,21,640
5183,661,21,640
5185,661,21,640
5187,661,21,640
5189,661,21,640
5193,661,21,640
5195,661,21,640
5198,661,21,640
5201,661,21,640
5202,661,21,640
5208,661,21,640
5210,662,21,641
5212,662,21,641
5213,662,21,641
5215,662,21,641
5223,662,21,641
5228,662,21,641
5231,662,21,641
5233,662,21,641
5235,662,21,641
5243,663,21,642
5244,663,21,642
5248,663,21,642
5252,663,21,642
5253,663,21,642
5255,665,21,644
5256,665,21,644
5264,665,21,644
5265,665,21,644
5268,665,21,644
5271,665,21,644
5277,665,21,644
5278,665,21,644
5279,665,21,644
5283,666,21,645
5285,666,21,645
5288,666,21,645
5289,666,21,645
5290,666,21,645
5296,666,21,645
5297,666,21,645
5300,666,21,645
5302,667,21,646
5304,667,21,646
5306,667,21,646
5307,667,21,646
5310,668,21,647
5316,668,21,647
5320,669,21,648
5324,670,21,649
5325,670,21,649
5328,671,21,650
5330,671,21,650
5338,671,21,650
5339,671,21,650
5341,671,21,650
5346,672,21,651
5349,673,21,652
5350,673,21,652
5351,673,21,652
5355,673,21,652
5357,673,21,652
5358,674,21,653
5364,674,21,653
5365,675,21,654
5370,676,21,655
5371,676,21,655
5373,676,21,655
5374,676,21,655
5377,676,21,655
5378,676,21,655
5385,676,21,655
5386,676,21,655
5387,676,21,655
5390,676,21,655
5391,676,21,655
5397,676,21,655
5402,677,21,656
5405,677,21,656
5407,677,21,656
5409,677,21,656
5411,677,21,656
5412,677,21,656
5416,677,21,656
5419,677,21,656
5421,677,21,656
5424,677,21,656
5429,677,21,656
5431,677,21,656
5432,677,21,656
5433,678,21,657
5436,678,21,657
5439,678,21,657
5440,678,21,657
5448,678,21,657
5450,678,21,657
5452,678,21,657
5454,678,21,657
5455,678,21,657
5458,680,21,659
5460,680,21,659
5468,680,21,659
5470,680,21,659
5473,680,21,659
5475,680,21,659
5477,681,21,660
5478,681,21,660
5480,681,21,660
5486,681,21,660
5491,681,21,660
5493,681,21,660
5497,682,21,661
5499,683,21,662
5500,684,21,663
5506,684,21,663
5507,684,21,663
5511,684,21,663
5514,684,21,663
5515,684,21,663
5516,684,21,663
5518,685,21,664
5520,685,21,664
5528,685,21,664
5530,685,21,664
5533,686,21,665
5534,686,21,665
5535,686,21,665
5537,686,21,665
5541,686,21,665
5546,686,21,665
5550,686,21,665
5553,686,21,665
5554,686,21,665
5558,686,21,665
5562,686,21,665
5564,686,21,665
5565,686,21,665
5570,686,21,665
5574,686,21,665
5575,686,21,665
5579,686,21,665
5582,686,21,665
5585,686,21,665
5586,686,21,665
5588,686,21,665
5591,686,21,665
5594,686,21,665
5595,686,21,665
5599,686,21,665
5603,686,21,665
5604,686,21,665
5609,686,21,665
5610,686,21,665
5615,686,21,665
5617,686,21,665
5621,686,21,665
5622,687,21,666
5623,687,21,666
5629,687,21,666
5630,687,21,666
5634,687,21,666
5635,687,21,666
5639,687,21,666
5641,687,21,666
5642,687,21,666
5643,688,21,667
5648,688,21,667
5651,688,21,667
5652,689,21,668
5654,689,21,668
5655,689,21,668
5659,689,21,668
5660,689,21,668
5662,689,21,668
5666,689,21,668
5667,689,21,668
5673,690,21,669
5675,690,21,669
5676,690,21,669
5678,690,21,669
5681,690,21,669
5682,690,21,669
5685,690,21,669
5686,690,21,669
5694,690,21,669
5695,690,21,669
5696,690,21,669
5699,690,21,669
5702,690,21,669
5705,690,21,669
5706,690,21,669
5707,690,21,669
5714,690,21,669
5717,690,21,669
5718,690,21,669
5719,690,21,669
5721,691,21,670
5722,691,21,670
5727,691,21,670
5728,691,21,670
5733,692,21,671
5736,692,21,671
5738,692,21,671
5739,692,21,671
5740,692,21,671
5743,692,21,671
5749,692,21,671
5750,692,21,671
5756,692,21,671
5757,693,21,672
5758,693,21,672
5759,694,21,673
5763,694,21,673
5772,694,21,673
5776,694,21,673
5777,694,21,673
5778,694,21,673
5780,694,21,673
5784,694,21,673
5785,694,21,673
5793,694,21,673
5794,694,21,673
5795,694,21,673
5799,694,21,673
5802,694,21,673
5806,694,21,673
5810,694,21,673
5813,695,21,674
5817,695,21,674
5819,696,21,675
5823,696,21,675
5828,696,21,675
5829,696,21,675
5834,696,21,675
5835,696,21,675
5837,696,21,675
5839,696,21,675
5842,697,21,676
5844,697,21,676
5846,697,21,676
5849,697,21,676
5853,697,21,676
5856,697,21,676
5860,697,21,676
5861,697,21,676
5863,697,21,676
5866,697,21,676
5871,697,21,676
5876,697,21,676
5878,697,21,676
5879,697,21,676
5882,697,21,676
5886,697,21,676
5888,697,21,676
5890,697,21,676
5893,697,21,676
5895,697,21,676
5897,698,21,677
5898,698,21,677
5908,698,21,677
5913,698,21,677
5914,698,21,677
5916,698,21,677
5917,698,21,677
5919,698,21,677
5922,698,21,677
5930,698,21,677
5933,698,21,677
5936,698,21,677
5937,699,21,678
5938,699,21,678
5939,700,21,679
5951,700,21,679
5954,700,21,679
5957,700,21,679
5958,700,21,679
5959,700,21,679
5964,700,21,679
5965,700,21,679
5972,700,21,679
5973,700,21,679
5978,700,21,679
5980,701,21,680
5984,701,21,680
5988,701,21,680
5991,701,21,680
5992,701,21,680
5994,701,21,680
5998,701,21,680
6001,701,21,680
6003,701,21,680
6005,701,21,680
6010,701,21,680
6011,701,21,680
6017,701,21,680
6018,701,21,680
6019,701,21,680
6025,701,21,680
6026,701,21,680
6027,701,21,680
6032,701,21,680
6038,701,21,680
6039,701,21,680
6041,701,21,680
6044,701,21,680
6045,701,21,680
6047,702,21,681
6049,702,21,681
6054,702,21,681
6058,702,21,681
6060,702,21,681
6062,703,21,682
6066,703,21,682
6073,703,21,682
6074,703,21,682
6079,703,21,682
6080,703,21,682
6082,704,21,683
6083,704,21,683
6088,704,21,683
6095,704,21,683
6099,704,21,683
6100,704,21,683
6101,704,21,683
6103,704,21,683
6105,704,21,683
6106,704,21,683
6107,705,21,684
6109,705,21,684
6116,705,21,684
6117,705,21,684
6123,705,21,684
6124,705,21,684
6128,705,21,684
6131,705,21,684
6133,705,21,684
6135,705,21,684
6140,705,21,684
6144,705,21,684
6145,705,21,684
6148,705,21,684
6149,705,21,684
6150,705,21,684
6155,705,21,684
6157,706,21,685
6163,706,21,685
6166,706,21,685
6168,706,21,685
6171,706,21,685
6172,706,21,685
6180,706,21,685
6184,706,21,685
6186,706,21,685
6187,706,21,685
6188,706,21,685
6192,706,21,685
6195,706,21,685
6202,706,21,685
6205,706,21,685
6207,706,21,685
6210,706,21,685
6211,706,21,685
6212,706,21,685
6220,706,21,685
6223,706,21,685
6228,706,21,685
6232,707,21,686
6234,707,21,686
6239,707,21,686
6240,707,21,686
6245,707,21,686
6248,707,21,686
6249,707,21,686
6253,707,21,686
6254,707,21,686
6255,707,21,686
6258,707,21,686
6265,707,21,686
6267,707,21,686
6268,707,21,686
6272,707,21,686
6273,707,21,686
6276,707,21,686
6277,707,21,686
6278,707,21,686
6289,707,21,686
6290,707,21,686
6293,707,21,686
6295,707,21,686
6296,707,21,686
6302,707,21,686
6311,707,21,686
6313,707,21,686
6314,707,21,686
6315,707,21,686
6319,707,21,686
6325,707,21,686
6331,707,21,686
6334,707,21,686
6335,707,21,686
6337,707,21,686
6339,709,21,688
6349,709,21,688
6352,709,21,688
6353,709,21,688
6354,709,21,688
6358,709,21,688
6360,709,21,688
6361,709,21,688
6371,709,21,688
6374,710,21,689
6378,710,21,689
6379,710,21,689
6381,710,21,689
6383,710,21,689
6390,711,21,690
6391,711,21,690
6394,711,21,690
6395,711,21,690
6396,711,21,690
6397,712,21,691
6401,712,21,691
6404,712,21,691
6406,712,21,691
6409,712,21,691
6413,712,21,691
6414,712,21,691
6417,713,21,692
6423,713,21,692
6424,713,21,692
6428,714,21,693
6433,714,21,693
6437,714,21,693
6441,714,21,693
6444,715,21,694
6447,715,21,694
6452,715,21,694
6457,715,21,694
6458,715,21,694
6462,715,21,694
6463,715,21,694
6465,715,21,694
6467,715,21,694
6469,715,21,694
6479,715,21,694
6480,715,21,694
6484,715,21,694
6486,715,21,694
6488,715,21,694
6489,715,21,694
6499,715,21,694
6504,715,21,694
6506,715,21,694
6507,716,21,695
6509,716,21,695
6510,716,21,695
6521,716,21,695
6524,716,21,695
6529,716,21,695
6530,716,21,695
6531,716,21,695
6533,716,21,695
6542,716,21,695
6543,716,21,695
6552,717,21,696
6553,717,21,696
6556,717,21,696
6558,717,21,696
6562,717,21,696
6564,717,21,696
6572,717,21,696
6573,717,21,696
6576,717,21,696
6578,717,21,696
6580,717,21,696
6583,717,21,696
6590,717,21,696
6595,717,21,696
6596,717,21,696
6600,717,21,696
6601,718,21,697
6604,718,21,697
6605,719,21,698
6617,720,21,699
6619,720,21,699
6622,720,21,699
6623,720,21,699
6625,720,21,699
6626,721,21,700
6637,721,21,700
6639,721,21,700
6640,721,21,700
6643,721,21,700
6646,721,21,700
6650,721,21,700
6653,721,21,700
6659,721,21,700
6661,721,21,700
6662,721,21,700
6671,721,21,700
6673,722,21,701
6677,722,21,701
6679,722,21,701
6680,722,21,701
6686,722,21,701
6696,722,21,701
6698,722,21,701
6699,722,21,701
6701,722,21,701
6709,722,21,701
6717,722,21,701
6718,722,21,701
6722,722,21,701
6726,722,21,701
6731,722,21,701
6736,722,21,701
6738,722,21,701
6740,722,21,701
6744,722,21,701
6752,722,21,701
6753,722,21,701
6758,722,21,701
6762,722,21,701
6768,722,21,701
6775,722,21,701
6778,722,21,701
6779,722,21,701
6781,722,21,701
6793,722,21,701
6794,722,21,701
6797,722,21,701
6798,722,21,701
6802,722,21,701
6803,723,21,702
6815,723,21,702
6817,724,21,703
6823,724,21,703
6828,724,21,703
6837,724,21,703
6838,724,21,703
6843,724,21,703
6845,724,21,703
6852,724,21,703
6857,724,21,703
6858,724,21,703
6861,724,21,703
6866,725,21,704
6867,725,21,704
6875,725,21,704
6876,725,21,704
6878,725,21,704
6882,727,21,706
6888,727,21,706
6889,727,21,706
6895,727,21,706
6903,728,21,707
6907,728,21,707
6908,728,21,707
6913,728,21,707
6915,728,21,707
6917,728,21,707
6924,729,21,708
6931,729,21,708
6933,729,21,708
6935,729,21,708
6938,729,21,708
6949,729,21,708
6951,729,21,708
6955,729,21,708
6957,729,21,708
6961,729,21,708
6971,729,21,708
6972,729,21,708
6975,729,21,708
6976,729,21,708
6983,730,21,709
6986,730,21,709
6993,730,21,709
6994,730,21,709
6995,730,21,709
6996,730,21,709
7009,730,21,709
7012,730,21,709
7014,730,21,709
7016,730,21,709
7032,730,21,709
7036,730,21,709
7037,730,21,709
7038,730,21,709
7039,730,21,709
7055,730,21,709
7056,731,21,710
7057,731,21,710
7062,731,21,710
7063,731,21,710
7067,731,21,710
7077,731,21,710
7078,731,21,710
7079,731,21,710
7082,731,21,710
7084,731,21,710
7097,731,21,710
7098,731,21,710
7101,731,21,710
7102,731,21,710
7103,731,21,710
7107,731,21,710
7110,731,21,710
7114,731,21,710
7123,731,21,710
7125,731,21,710
7126,731,21,710
7132,731,21,710
7135,731,21,710
7145,731,21,710
7146,731,21,710
7150,731,21,710
7154,731,21,710
7155,731,21,710
7156,731,21,710
7166,731,21,710
7168,731,21,710
7175,731,21,710
7176,731,21,710
7182,731,21,710
7183,731,21,710
7188,731,21,710
7191,731,21,710
7196,731,21,710
7198,731,21,710
7207,732,21,711
7210,732,21,711
7212,732,21,711
7214,732,21,711
7215,732,21,711
7222,732,21,711
7230,732,21,711
7231,732,21,711
7235,732,21,711
7237,732,21,711
7238,732,21,711
7246,732,21,711
7253,732,21,711
7254,732,21,711
7265,732,21,711
7267,732,21,711
7269,732,21,711
7275,732,21,711
7276,732,21,711
7290,732,21,711
7293,732,21,711
7294,732,21,711
7296,732,21,711
7301,732,21,711
7314,732,21,711
7315,732,21,711
7321,732,21,711
7326,732,21,711
7331,732,21,711
7333,732,21,711
7339,732,21,711
7347,732,21,711
7354,732,21,711
7355,732,21,711
7362,732,21,711
7363,732,21,711
7373,732,21,711
7374,732,21,711
7377,733,21,712
7385,733,21,712
7386,733,21,712
7394,733,21,712
7398,734,21,713
7400,734,21,713
7408,735,21,714
7411,735,21,714
7414,735,21,714
7424,735,21,714
7426,735,21,714
7433,735,21,714
7436,735,21,714
7437,735,21,714
7447,735,21,714
7452,735,21,714
7457,735,21,714
7461,735,21,714
7470,735,21,714
7477,735,21,714
7478,735,21,714
7480,735,21,714
7484,735,21,714
7495,735,21,714
7505,735,21,714
7506,735,21,714
7507,735,21,714
7516,735,21,714
7519,735,21,714
7529,735,21,714
7533,735,21,714
7534,735,21,714
7544,735,21,714
7554,735,21,714
7555,735,21,714
7558,735,21,714
7560,735,21,714
7567,735,21,714
7572,735,21,714
7577,735,21,714
7588,735,21,714
7589,735,21,714
7590,735,21,714
7592,735,21,714
7600,735,21,714
7609,735,21,714
7613,735,21,714
7616,735,21,714
7620,735,21,714
7624,735,21,714
7629,736,21,715
7639,736,21,715
7641,736,21,715
7646,736,21,715
7647,736,21,715
7649,736,21,715
7661,736,21,715
7664,736,21,715
7666,736,21,715
7672,736,21,715
7677,736,21,715
7684,736,21,715
7687,736,21,715
7689,736,21,715
7698,736,21,715
7703,736,21,715
7708,736,21,715
7709,736,21,715
7716,736,21,715
7725,736,21,715
7727,736,21,715
7732,736,21,715
7742,736,21,715
7749,737,21,716
7751,737,21,716
7756,737,21,716
7760,737,21,716
7767,737,21,716
7774,738,21,717
7777,738,21,717
7782,738,21,717
7791,738,21,717
7792,738,21,717
7797,739,21,718
7803,739,21,718
7805,739,21,718
7817,739,21,718
7818,739,21,718
7828,739,21,718
7829,739,21,718
7838,740,21,719
7842,740,21,719
7846,740,21,719
7850,740,21,719
7856,740,21,719
7858,740,21,719
7866,740,21,719
7874,740,21,719
7877,740,21,719
7880,740,21,719
7884,740,21,719
7895,740,21,719
7900,740,21,719
7902,740,21,719
7910,740,21,719
7912,740,21,719
7914,740,21,719
7921,740,21,719
7923,740,21,719
7927,740,21,719
7940,740,21,719
7942,740,21,719
7945,740,21,719
7949,740,21,719
7968,740,21,719
7970,740,21,719
7973,740,21,719
7975,740,21,719
7992,740,21,719
7994,740,21,719
7996,740,21,719
8009,741,21,720
8012,741,21,720
8020,741,21,720
8026,741,21,720
8033,741,21,720
8039,741,21,720
8046,742,21,721
8054,743,21,722
8058,743,21,722
8069,743,21,722
8070,743,21,722
8075,743,21,722
8090,743,21,722
8096,743,21,722
8098,743,21,722
8113,743,21,722
8118,743,21,722
8127,743,21,722
8129,743,21,722
8136,743,21,722
8137,743,21,722
8140,743,21,722
8157,743,21,722
8161,743,21,722
8164,743,21,722
8166,743,21,722
8184,743,21,722
8186,743,21,722
8187,743,21,722
8200,743,21,722
8208,743,21,722
8219,743,21,722
8230,743,21,722
8232,743,21,722
8236,743,21,722
8249,744,21,723
8254,744,21,723
8274,744,21,723
8277,744,21,723
8279,744,21,723
8280,744,21,723
8290,744,21,723
8300,744,21,723
8307,744,21,723
8308,744,21,723
8313,744,21,723
8333,744,21,723
8337,744,21,723
8349,744,21,723
8360,744,21,723
8366,744,21,723
8377,744,21,723
8387,744,21,723
8393,744,21,723
8407,744,21,723
8413,744,21,723
8427,744,21,723
8435,744,21,723
8437,744,21,723
8446,744,21,723
8456,744,21,723
8464,744,21,723
8465,744,21,723
8486,744,21,723
8490,744,21,723
8493,744,21,723
8515,744,21,723
8517,744,21,723
8521,744,21,723
8539,746,21,725
8548,746,21,725
8549,746,21,725
8564,746,21,725
8577,746,21,725
8581,746,21,725
8591,746,21,725
8605,746,21,725
8610,746,21,725
8620,746,21,725
8633,746,21,725
8638,746,21,725
8649,747,21,726
8661,747,21,726
8669,747,21,726
8675,747,21,726
8690,747,21,726
8700,747,21,726
8704,747,21,726
8718,747,21,726
8731,747,21,726
8732,747,21,726
8747,747,21,726
8753,747,21,726
8758,747,21,726
8761,747,21,726
8780,747,21,726
8783,747,21,726
8793,747,21,726
8809,747,21,726
8812,747,21,726
8821,747,21,726
8839,747,21,726
8841,748,21,727
8848,748,21,727
8867,748,21,727
8868,748,21,727
8876,748,21,727
8897,748,21,727
8898,748,21,727
8904,748,21,727
8924,748,21,727
8926,748,21,727
8941,748,21,727
8953,748,21,727
8954,748,21,727
8972,748,21,727
8975,748,21,727
8982,748,21,727
8985,748,21,727
9002,748,21,727
9014,749,21,728
9016,749,21,728
9035,749,21,728
9043,749,21,728
9046,749,21,728
9071,750,21,729
9074,750,21,729
9077,750,21,729
9104,750,21,729
9105,750,21,729
9131,752,21,731
9134,752,21,731
9137,752,21,731
9164,752,21,731
9170,752,21,731
9191,752,21,731
9192,752,21,731
9199,752,21,731
9218,752,21,731
9227,752,21,731
9246,752,21,731
9257,753,21,732
9273,753,21,732
9288,753,21,732
9301,753,21,732
9317,753,21,732
9331,753,21,732
9346,753,21,732
9359,753,21,732
9372,753,21,732
9375,753,21,732
9388,753,21,732
9404,753,21,732
9416,753,21,732
9434,753,21,732
9447,753,21,732
9464,753,21,732
9477,753,21,732
9491,753,21,732
9508,753,21,732
9522,753,21,732
9538,753,21,732
9552,753,21,732
9567,753,21,732
9582,753,21,732
9588,753,21,732
9597,753,21,732
9617,753,21,732
9629,753,21,732
9649,753,21,732
9661,753,21,732
9681,753,21,732
9693,753,21,732
9714,753,21,732
9727,753,21,732
9748,753,21,732
9761,753,21,732
9781,753,21,732
9792,753,21,732
9814,754,21,733
9825,754,21,733
9858,754,21,733
9887,754,21,733
9919,754,21,733
9950,754,21,733
10160,754,21,733
10294,754,21,733
10402,754,21,733
10621,754,21,733
10768,754,21,733
10914,754,21,733
11011,754,21,733
11103,754,21,733
11247,754,21,733
11372,754,21,733
11487,754,21,733
11650,754,21,733
11819,754,21,733
11985,754,21,733
12169,754,21,733
12330,754,21,733
12665,754,21,733
13059,755,21,734
13368,755,21,734
13814,755,21,734
14473,755,21,734
15004,755,21,734
15602,755,21,734
16035,755,21,734
16919,755,21,734
17526,755,21,734
18270,755,21,734
18888,755,21,734
19413,755,21,734
19814,755,21,734
20411,755,21,734
20646,755,21,734
20966,755,21,734
21346,756,21,735
21777,756,21,735
22024,756,21,735
22366,756,21,735
22931,756,21,735
23565,756,21,735
23915,756,21,735
24223,756,21,735
24685,756,21,735
25587,757,21,736
26350,757,21,736
26950,757,21,736
27433,758,21,737
28020,758,21,737
28916,758,21,737
29664,758,21,737
30420,758,21,737
31142,758,21,737
31745,758,21,737
32688,758,21,737
33245,758,21,737
33954,758,21,737
35073,758,21,737
36025,758,21,737
36774,758,21,737
37670,758,21,737
38559,758,21,737
39257,759,21,738
40206,759,21,738
41131,759,21,738
41917,759,21,738
42327,759,21,738
42819,759,21,738
43178,759,21,738
43787,759,21,738
44176,759,21,738
44347,759,21,738
44572,759,21,738
44765,759,21,738
44934,759,21,738
45076,759,21,738
45427,759,21,738
45634,759,21,738
45851,759,21,738
46004,759,21,738
46129,759,21,738
46259,759,21,738
46448,759,21,738
46626,759,21,738
46844,759,21,738
47150,759,21,738
47538,760,21,739
47942,760,21,739
48277,760,21,739
48698,760,21,739
49168,760,21,739
49489,760,21,739
50315,760,21,739
50586,761,21,740
50929,762,21,741
51350,762,21,741
51832,762,21,741
52350,762,21,741
53132,762,21,741
53647,762,21,741
54295,762,21,741
55154,762,21,741
56170,762,21,741
57438,762,21,741
58188,762,21,741
59020,762,21,741
59933,763,21,742
60997,763,21,742
62081,763,21,742
62928,763,21,742
64247,763,21,742
65419,763,21,742
66990,763,21,742
67713,763,21,742
68447,763,21,742
69081,763,21,742
69679,763,21,742
70790,763,21,742
71440,763,21,742
72466,763,21,742
72918,763,21,742
74131,763,21,742
75340,763,21,742
76574,764,21,743
77805,764,21,743
78712,764,21,743
79691,764,21,743
80446,764,21,743
81188,764,21,743
81733,764,21,743
82503,764,21,743
83365,765,21,744
83876,765,21,744
84544,765,21,744
84964,765,21,744
85205,766,21,745
85417,766,21,745
85825,766,21,745
86087,766,21,745
86311,766,21,745
86495,766,21,745
