Time,Accumulated All,Accumulated Acceptable,Accumulated Unacceptable
3,1,1,0
4,1,1,0
5,1,1,0
6,4,4,0
7,7,7,0
10,9,9,0
11,10,10,0
12,10,10,0
15,11,11,0
16,11,11,0
17,13,12,1
18,14,13,1
21,14,13,1
22,15,14,1
23,16,15,1
25,16,15,1
27,18,15,3
28,21,18,3
29,23,20,3
30,24,20,4
33,25,20,5
34,25,20,5
35,27,21,6
36,27,21,6
38,28,22,6
39,28,22,6
40,28,22,6
41,30,22,8
42,30,22,8
43,34,23,11
44,34,23,11
45,34,23,11
47,34,23,11
48,37,25,12
49,38,26,12
50,38,26,12
51,39,26,13
52,39,26,13
53,40,27,13
54,40,27,13
55,44,30,14
56,46,31,15
57,46,31,15
58,46,31,15
59,46,31,15
60,46,31,15
61,46,31,15
62,49,33,16
63,49,33,16
64,50,33,17
65,50,33,17
66,50,33,17
68,50,33,17
69,54,35,19
70,54,35,19
71,55,36,19
72,55,36,19
73,55,36,19
75,56,36,20
76,59,39,20
78,59,39,20
80,61,39,22
81,62,40,22
82,62,40,22
84,62,40,22
85,62,40,22
86,62,40,22
88,63,40,23
89,64,41,23
90,65,42,23
91,65,42,23
92,66,42,24
93,67,42,25
94,67,42,25
95,67,42,25
96,67,42,25
97,70,43,27
98,71,44,27
100,71,44,27
101,73,44,29
102,73,44,29
104,73,44,29
105,73,44,29
106,73,44,29
107,73,44,29
108,77,44,33
110,77,44,33
111,79,45,34
112,79,45,34
113,79,45,34
114,79,45,34
115,79,45,34
117,79,45,34
118,79,45,34
119,80,46,34
120,80,46,34
122,81,46,35
123,81,46,35
124,81,46,35
126,81,46,35
127,83,46,37
128,83,46,37
130,84,46,38
131,84,46,38
132,84,46,38
133,84,46,38
134,85,47,38
135,85,47,38
136,85,47,38
138,85,47,38
139,86,47,39
140,86,47,39
141,87,47,40
143,88,48,40
144,89,49,40
145,89,49,40
146,89,49,40
147,90,49,41
148,92,49,43
150,92,49,43
151,92,49,43
152,92,49,43
153,92,49,43
155,93,49,44
156,94,49,45
157,94,49,45
159,94,49,45
160,96,51,45
162,97,52,45
163,98,53,45
164,99,54,45
165,99,54,45
167,100,55,45
168,100,55,45
169,100,55,45
171,100,55,45
173,100,55,45
175,102,55,47
179,104,57,47
180,104,57,47
182,106,57,49
183,106,57,49
187,106,57,49
188,106,57,49
189,106,57,49
190,106,57,49
192,107,57,50
195,107,57,50
196,107,57,50
198,107,57,50
202,107,57,50
203,107,57,50
206,108,57,51
207,108,57,51
211,111,57,54
214,111,57,54
215,111,57,54
216,111,57,54
219,112,58,54
221,112,58,54
222,112,58,54
226,113,58,55
228,113,58,55
229,113,58,55
230,113,58,55
231,115,58,57
234,117,58,59
236,117,58,59
238,118,58,60
239,118,58,60
245,118,58,60
246,118,58,60
248,118,58,60
253,118,58,60
254,118,58,60
256,118,58,60
257,118,58,60
262,118,58,60
264,118,58,60
265,118,58,60
270,118,58,60
272,119,58,61
274,119,58,61
280,119,58,61
281,119,58,61
283,119,58,61
288,119,58,61
290,120,58,62
296,120,58,62
299,120,58,62
307,120,58,62
317,120,58,62
325,120,58,62
334,120,58,62
343,120,58,62
357,120,58,62
366,120,58,62
374,120,58,62
383,120,58,62
385,121,58,63
392,121,58,63
401,121,58,63
410,121,58,63
419,121,58,63
424,122,58,64
428,123,59,64
433,123,59,64
436,123,59,64
443,123,59,64
445,123,59,64
452,125,60,65
453,125,60,65
458,128,62,66
461,128,62,66
463,128,62,66
467,133,67,66
471,133,67,66
474,134,67,67
479,135,67,68
480,135,67,68
481,135,67,68
486,135,67,68
488,136,68,68
494,136,68,68
495,136,68,68
496,136,68,68
497,136,68,68
502,136,68,68
505,136,68,68
506,136,68,68
510,136,68,68
514,136,68,68
515,136,68,68
518,136,68,68
523,136,68,68
524,136,68,68
525,136,68,68
532,137,68,69
533,139,68,71
540,139,68,71
541,139,68,71
543,139,68,71
548,139,68,71
549,139,68,71
550,139,68,71
553,139,68,71
557,140,68,72
559,140,68,72
560,140,68,72
562,140,68,72
566,142,68,74
570,143,68,75
571,143,68,75
572,143,68,75
574,143,68,75
579,143,68,75
582,145,68,77
583,145,68,77
586,146,68,78
589,146,68,78
591,147,68,79
594,147,68,79
599,148,68,80
600,149,68,81
601,149,68,81
602,151,68,83
609,153,68,85
612,153,68,85
617,153,68,85
619,153,68,85
621,153,68,85
626,153,68,85
629,153,68,85
631,153,68,85
634,153,68,85
640,153,68,85
642,153,68,85
643,153,68,85
649,154,68,86
651,155,68,87
657,156,68,88
660,156,68,88
661,156,68,88
668,156,68,88
669,156,68,88
672,156,68,88
677,156,68,88
678,156,68,88
681,156,68,88
687,158,68,90
692,158,68,90
693,158,68,90
697,158,68,90
698,158,68,90
701,158,68,90
702,158,68,90
707,158,68,90
710,158,68,90
712,158,68,90
718,158,68,90
719,158,68,90
720,158,68,90
722,158,68,90
727,160,68,92
729,160,68,92
730,160,68,92
731,160,68,92
732,160,68,92
736,160,68,92
737,162,68,94
738,162,68,94
740,163,68,95
741,163,68,95
742,163,68,95
744,163,68,95
747,165,68,97
748,165,68,97
751,167,68,99
752,167,68,99
757,170,68,102
762,170,68,102
767,170,68,102
768,173,68,105
773,175,68,107
776,175,68,107
779,176,68,108
782,176,68,108
785,176,68,108
789,176,68,108
791,176,68,108
792,176,68,108
795,176,68,108
802,176,68,108
803,176,68,108
806,176,68,108
813,176,68,108
814,176,68,108
815,176,68,108
823,178,68,110
824,180,68,112
825,180,68,112
835,180,68,112
836,180,68,112
837,180,68,112
844,180,68,112
846,180,68,112
848,181,68,113
855,181,68,113
857,181,68,113
858,181,68,113
862,181,68,113
865,181,68,113
870,181,68,113
875,181,68,113
876,182,68,114
880,182,68,114
886,182,68,114
887,182,68,114
892,182,68,114
896,182,68,114
900,182,68,114
902,182,68,114
907,182,68,114
913,182,68,114
914,182,68,114
919,182,68,114
924,182,68,114
925,182,68,114
930,183,68,115
932,183,68,115
935,185,68,117
938,185,68,117
941,186,68,118
942,186,68,118
947,186,68,118
950,186,68,118
951,190,68,122
952,190,68,122
954,190,68,122
958,191,68,123
959,191,68,123
961,191,68,123
965,191,68,123
966,191,68,123
967,191,68,123
971,192,68,124
973,192,68,124
975,192,68,124
976,192,68,124
977,192,68,124
978,192,68,124
981,192,68,124
982,192,68,124
984,192,68,124
988,193,68,125
991,193,68,125
992,194,68,126
993,194,68,126
994,195,68,127
1000,195,68,127
1001,196,68,128
1003,196,68,128
1004,196,68,128
1005,196,68,128
1008,196,68,128
1009,196,68,128
1012,196,68,128
1014,196,68,128
1015,197,68,129
1016,197,68,129
1017,199,69,130
1019,200,69,131
1024,202,71,131
1025,205,71,134
1026,205,71,134
1032,205,71,134
1033,205,71,134
1034,208,73,135
1035,208,73,135
1040,208,73,135
1042,208,73,135
1045,208,73,135
1046,208,73,135
1048,209,74,135
1049,209,74,135
1055,209,74,135
1056,209,74,135
1058,209,74,135
1061,209,74,135
1063,209,74,135
1067,210,74,136
1068,210,74,136
1071,211,75,136
1075,211,75,136
1077,211,75,136
1078,212,75,137
1079,212,75,137
1087,212,75,137
1088,212,75,137
1090,213,75,138
1096,213,75,138
1097,214,76,138
1102,214,76,138
1103,214,76,138
1104,214,76,138
1105,214,76,138
1112,215,76,139
1113,215,76,139
1115,215,76,139
1118,215,76,139
1121,215,76,139
1124,215,76,139
1125,215,76,139
1130,215,76,139
1131,215,76,139
1134,215,76,139
1137,216,76,140
1138,216,76,140
1143,216,76,140
1145,216,76,140
1147,216,76,140
1151,217,76,141
1154,217,76,141
1155,217,76,141
1159,217,76,141
1163,217,76,141
1164,217,76,141
1166,217,76,141
1172,217,76,141
1173,217,76,141
1175,218,76,142
1177,219,76,143
1182,219,76,143
1184,219,76,143
1187,219,76,143
1189,219,76,143
1190,220,76,144
1195,220,76,144
1198,220,76,144
1200,220,76,144
1201,220,76,144
1203,220,76,144
1204,220,76,144
1208,220,76,144
1209,220,76,144
1215,220,76,144
1216,220,76,144
1217,220,76,144
1218,220,76,144
1221,220,76,144
1227,222,76,146
1228,222,76,146
1229,222,76,146
1230,223,76,147
1231,223,76,147
1238,223,76,147
1239,226,77,149
1240,226,77,149
1241,226,77,149
1243,226,77,149
1246,228,78,150
1247,228,78,150
1250,230,78,152
1252,231,78,153
1254,231,78,153
1257,231,78,153
1258,231,78,153
1261,231,78,153
1263,231,78,153
1264,232,78,154
1266,232,78,154
1267,232,78,154
1271,232,78,154
1273,233,78,155
1275,234,78,156
1276,234,78,156
1277,234,78,156
1279,234,78,156
1283,234,78,156
1286,236,78,158
1287,236,78,158
1288,236,78,158
1293,236,78,158
1296,236,78,158
1298,236,78,158
1301,237,78,159
1302,237,78,159
1304,237,78,159
1305,237,78,159
1306,237,78,159
1310,237,78,159
1314,238,78,160
1316,238,78,160
1317,238,78,160
1322,238,78,160
1326,238,78,160
1327,238,78,160
1329,238,78,160
1330,238,78,160
1335,238,78,160
1339,238,78,160
1341,238,78,160
1343,238,78,160
1345,238,78,160
1347,239,78,161
1351,239,78,161
1352,239,78,161
1353,239,78,161
1355,239,78,161
1357,239,78,161
1360,239,78,161
1364,240,78,162
1365,240,78,162
1366,240,78,162
1371,240,78,162
1372,240,78,162
1374,240,78,162
1375,241,78,163
1377,241,78,163
1378,241,78,163
1384,241,78,163
1385,242,78,164
1386,242,78,164
1387,242,78,164
1390,242,78,164
1391,244,78,166
1395,244,78,166
1396,244,78,166
1397,245,78,167
1398,246,78,168
1402,247,78,169
1404,247,78,169
1405,247,78,169
1409,247,78,169
1410,247,78,169
1413,247,78,169
1414,247,78,169
1415,247,78,169
1416,247,78,169
1417,247,78,169
1420,247,78,169
1423,247,78,169
1426,247,78,169
1427,248,78,170
1428,248,78,170
1430,248,78,170
1431,248,78,170
1433,248,78,170
1435,248,78,170
1436,249,78,171
1439,249,78,171
1440,249,78,171
1441,250,79,171
1442,250,79,171
1447,250,79,171
1448,250,79,171
1449,250,79,171
1451,250,79,171
1452,250,79,171
1453,250,79,171
1454,252,79,173
1457,255,81,174
1459,255,81,174
1461,255,81,174
1463,255,81,174
1464,255,81,174
1466,255,81,174
1467,255,81,174
1469,255,81,174
1472,255,81,174
1476,255,81,174
1477,255,81,174
1478,255,81,174
1479,255,81,174
1480,255,81,174
1481,255,81,174
1482,255,81,174
1485,255,81,174
1487,255,81,174
1489,255,81,174
1492,255,81,174
1494,255,81,174
1495,255,81,174
1496,255,81,174
1500,255,81,174
1501,255,81,174
1504,255,81,174
1506,255,81,174
1508,255,81,174
1510,256,81,175
1511,256,81,175
1512,256,81,175
1513,256,81,175
1515,256,81,175
1518,256,81,175
1519,257,81,176
1522,257,81,176
1523,257,81,176
1524,257,81,176
1526,260,81,179
1527,261,81,180
1530,263,82,181
1531,264,82,182
1532,266,82,184
1533,266,82,184
1535,266,82,184
1538,266,82,184
1540,266,82,184
1541,268,82,186
1545,268,82,186
1546,268,82,186
1548,269,82,187
1550,269,82,187
1551,272,82,190
1555,272,82,190
1556,272,82,190
1560,272,82,190
1561,274,82,192
1562,274,82,192
1570,274,82,192
1571,274,82,192
1572,276,82,194
1573,278,82,196
1581,278,82,196
1583,278,82,196
1585,279,82,197
1587,279,82,197
1588,279,82,197
1592,279,82,197
1593,279,82,197
1595,279,82,197
1598,279,82,197
1600,279,82,197
1601,279,82,197
1602,279,82,197
1603,279,82,197
1604,279,82,197
1606,279,82,197
1610,279,82,197
1612,279,82,197
1614,280,82,198
1615,282,82,200
1617,282,82,200
1618,282,82,200
1619,282,82,200
1623,282,82,200
1625,282,82,200
1629,282,82,200
1630,283,82,201
1633,283,82,201
1635,283,82,201
1636,283,82,201
1637,283,82,201
1642,283,82,201
1644,283,82,201
1645,283,82,201
1647,284,82,202
1649,284,82,202
1651,284,82,202
1655,284,82,202
1659,284,82,202
1662,284,82,202
1664,284,82,202
1667,284,82,202
1668,284,82,202
1669,284,82,202
1672,284,82,202
1673,285,82,203
1674,285,82,203
1675,285,82,203
1678,285,82,203
1680,285,82,203
1681,285,82,203
1685,285,82,203
1687,285,82,203
1688,285,82,203
1691,285,82,203
1693,285,82,203
1695,285,82,203
1700,285,82,203
1701,285,82,203
1702,287,82,205
1703,287,82,205
1704,287,82,205
1710,287,82,205
1714,287,82,205
1716,288,82,206
1717,288,82,206
1725,288,82,206
1726,288,82,206
1727,288,82,206
1728,288,82,206
1730,288,82,206
1731,288,82,206
1732,288,82,206
1736,288,82,206
1741,289,82,207
1743,289,82,207
1745,292,82,210
1746,292,82,210
1750,292,82,210
1753,292,82,210
1758,292,82,210
1759,293,82,211
1760,295,82,213
1761,295,82,213
1762,295,82,213
1766,295,82,213
1767,295,82,213
1774,296,82,214
1775,296,82,214
1776,296,82,214
1779,296,82,214
1780,296,82,214
1787,296,82,214
1788,296,82,214
1790,296,82,214
1792,296,82,214
1793,296,82,214
1800,296,82,214
1803,296,82,214
1804,297,82,215
1805,297,82,215
1806,297,82,215
1807,297,82,215
1810,297,82,215
1812,297,82,215
1818,297,82,215
1820,297,82,215
1824,297,82,215
1825,297,82,215
1831,297,82,215
1833,298,82,216
1835,298,82,216
1838,298,82,216
1839,298,82,216
1841,298,82,216
1844,298,82,216
1848,298,82,216
1849,298,82,216
1851,298,82,216
1856,298,82,216
1857,298,82,216
1859,298,82,216
1861,298,82,216
1863,298,82,216
1865,299,82,217
1867,299,82,217
1871,299,82,217
1872,299,82,217
1876,301,82,219
1881,302,82,220
1884,303,82,221
1889,303,82,221
1890,303,82,221
1891,303,82,221
1894,303,82,221
1897,304,82,222
1899,304,82,222
1902,305,82,223
1905,305,82,223
1909,305,82,223
1911,306,82,224
1912,306,82,224
1914,307,82,225
1915,307,82,225
1918,307,82,225
1926,307,82,225
1927,309,82,227
1928,309,82,227
1929,310,82,228
1933,311,82,229
1940,312,82,230
1942,312,82,230
1945,313,82,231
1946,313,82,231
1947,313,82,231
1952,315,82,233
1956,315,82,233
1959,315,82,233
1962,315,82,233
1963,315,82,233
1964,315,82,233
1966,315,82,233
1968,315,82,233
1974,315,82,233
1976,315,82,233
1979,315,82,233
1982,315,82,233
1983,315,82,233
1990,315,82,233
1991,316,82,234
1994,316,82,234
1995,316,82,234
1996,316,82,234
2001,316,82,234
2003,316,82,234
2004,316,82,234
2006,316,82,234
2008,316,82,234
2010,316,82,234
2011,316,82,234
2012,316,82,234
2019,316,82,234
2020,316,82,234
2021,316,82,234
2023,317,82,235
2027,317,82,235
2030,317,82,235
2032,317,82,235
2033,317,82,235
2034,317,82,235
2038,317,82,235
2040,317,82,235
2041,317,82,235
2042,317,82,235
2046,317,82,235
2047,317,82,235
2048,317,82,235
2052,317,82,235
2054,317,82,235
2058,317,82,235
2059,317,82,235
2060,317,82,235
2062,317,82,235
2069,317,82,235
2076,317,82,235
2077,317,82,235
2078,317,82,235
2085,317,82,235
2090,317,82,235
2091,317,82,235
2095,317,82,235
2098,317,82,235
2101,317,82,235
2105,317,82,235
2108,317,82,235
2114,317,82,235
2117,317,82,235
2118,317,82,235
2119,317,82,235
2122,317,82,235
2131,317,82,235
2132,317,82,235
2133,317,82,235
2134,317,82,235
2136,317,82,235
2139,317,82,235
2146,317,82,235
2149,317,82,235
2150,317,82,235
2155,317,82,235
2156,317,82,235
2159,318,82,236
2163,319,82,237
2170,319,82,237
2173,319,82,237
2174,319,82,237
2175,319,82,237
2178,319,82,237
2187,319,82,237
2188,319,82,237
2191,319,82,237
2194,319,82,237
2195,319,82,237
2203,321,82,239
2206,321,82,239
2208,321,82,239
2217,321,82,239
2218,321,82,239
2222,321,82,239
2223,321,82,239
2226,321,82,239
2231,321,82,239
2233,321,82,239
2236,321,82,239
2238,322,82,240
2241,323,83,240
2246,323,83,240
2247,323,83,240
2254,323,83,240
2255,323,83,240
2261,323,83,240
2266,323,83,240
2270,323,83,240
2272,323,83,240
2274,323,83,240
2275,323,83,240
2284,323,83,240
2286,323,83,240
2290,323,83,240
2293,323,83,240
2302,323,83,240
2303,323,83,240
2305,323,83,240
2308,323,83,240
2312,323,83,240
2318,323,83,240
2320,323,83,240
2323,323,83,240
2326,323,83,240
2327,323,83,240
2334,323,83,240
2335,323,83,240
2343,323,83,240
2350,323,83,240
2351,323,83,240
2357,323,83,240
2362,323,83,240
2364,323,83,240
2366,323,83,240
2378,323,83,240
2380,323,83,240
2381,323,83,240
2383,323,83,240
2395,323,83,240
2399,323,83,240
2400,323,83,240
2410,323,83,240
2416,323,83,240
2419,323,83,240
2420,323,83,240
2426,323,83,240
2427,323,83,240
2432,323,83,240
2439,323,83,240
2441,323,83,240
2442,323,83,240
2443,323,83,240
2449,323,83,240
2456,323,83,240
2458,323,83,240
2459,323,83,240
2465,323,83,240
2466,323,83,240
2471,323,83,240
2473,324,83,241
2474,324,83,241
2478,324,83,241
2483,324,83,241
2487,324,83,241
2488,324,83,241
2497,324,83,241
2499,324,83,241
2501,324,83,241
2503,324,83,241
2510,324,83,241
2515,324,83,241
2516,324,83,241
2517,324,83,241
2522,324,83,241
2532,324,83,241
2533,324,83,241
2546,324,83,241
2548,324,83,241
2550,324,83,241
2552,324,83,241
2557,324,83,241
2561,324,83,241
2563,324,83,241
2567,324,83,241
2571,324,83,241
2574,324,83,241
2579,324,83,241
2580,324,83,241
2585,324,83,241
2589,324,83,241
2590,324,83,241
2597,324,83,241
2601,324,83,241
2602,325,83,242
2603,325,83,242
2611,325,83,242
2614,326,84,242
2615,326,84,242
2618,327,84,243
2619,327,84,243
2624,327,84,243
2627,328,84,244
2630,328,84,244
2634,328,84,244
2636,328,84,244
2646,328,84,244
2648,329,84,245
2649,329,84,245
2652,329,84,245
2654,329,84,245
2660,329,84,245
2663,329,84,245
2668,329,84,245
2669,329,84,245
2670,329,84,245
2671,329,84,245
2678,329,84,245
2687,329,84,245
2689,329,84,245
2691,330,84,246
2692,330,84,246
2702,330,84,246
2705,330,84,246
2706,330,84,246
2707,330,84,246
2715,330,84,246
2718,330,84,246
2719,330,84,246
2722,330,84,246
2725,330,84,246
2726,330,84,246
2732,330,84,246
2735,330,84,246
2736,330,84,246
2737,330,84,246
2739,330,84,246
2744,330,84,246
2745,330,84,246
2748,330,84,246
2749,332,84,248
2753,333,84,249
2756,333,84,249
2759,333,84,249
2763,333,84,249
2764,333,84,249
2766,333,84,249
2772,333,84,249
2774,333,84,249
2779,333,84,249
2781,333,84,249
2783,333,84,249
2788,333,84,249
2790,333,84,249
2794,334,84,250
2796,334,84,250
2797,334,84,250
2805,334,84,250
2807,334,84,250
2809,334,84,250
2810,335,84,251
2814,335,84,251
2820,336,84,252
2823,336,84,252
2829,336,84,252
2831,336,84,252
2832,336,84,252
2833,336,84,252
2839,336,84,252
2841,336,84,252
2848,337,84,253
2850,337,84,253
2853,337,84,253
2855,338,84,254
2857,338,84,254
2864,338,84,254
2865,339,84,255
2868,339,84,255
2871,340,84,256
2872,340,84,256
2874,340,84,256
2875,340,84,256
2879,340,84,256
2881,340,84,256
2883,340,84,256
2885,340,84,256
2887,340,84,256
2890,340,84,256
2892,340,84,256
2897,340,84,256
2899,340,84,256
2901,340,84,256
2903,340,84,256
2906,340,84,256
2907,340,84,256
2910,340,84,256
2916,340,84,256
2918,340,84,256
2919,340,84,256
2921,340,84,256
2925,340,84,256
2927,340,84,256
2932,340,84,256
2934,341,84,257
2937,342,84,258
2938,342,84,258
2940,342,84,258
2943,343,84,259
2945,343,84,259
2951,343,84,259
2955,345,84,261
2956,345,84,261
2958,345,84,261
2960,346,84,262
2962,346,84,262
2969,349,84,265
2972,350,84,266
2978,353,84,269
2980,353,84,269
2981,353,84,269
2987,354,84,270
2990,354,84,270
2991,354,84,270
2997,354,84,270
2998,354,84,270
3002,354,84,270
3005,354,84,270
3007,355,84,271
3009,355,84,271
3016,355,84,271
3017,355,84,271
3023,355,84,271
3026,355,84,271
3027,355,84,271
3033,355,84,271
3036,355,84,271
3043,355,84,271
3045,355,84,271
3051,355,84,271
3056,355,84,271
3058,355,84,271
3060,355,84,271
3063,356,84,272
3067,356,84,272
3075,357,84,273
3078,357,84,273
3080,357,84,273
3082,357,84,273
3086,357,84,273
3095,357,84,273
3099,357,84,273
3103,357,84,273
3105,357,84,273
3112,358,84,274
3114,360,84,276
3115,361,84,277
3122,361,84,277
3129,361,84,277
3131,361,84,277
3133,361,84,277
3134,361,84,277
3139,361,84,277
3148,361,84,277
3151,361,84,277
3152,363,84,279
3155,363,84,279
3158,363,84,279
3166,364,84,280
3169,364,84,280
3170,364,84,280
3171,364,84,280
3175,364,84,280
3176,365,84,281
3179,365,84,281
3183,365,84,281
3184,365,84,281
3186,371,84,287
3188,371,84,287
3190,371,84,287
3193,371,84,287
3194,372,84,288
3197,372,84,288
3203,372,84,288
3204,372,84,288
3205,374,84,290
3207,374,84,290
3209,374,84,290
3211,374,84,290
3221,375,84,291
3223,375,84,291
3224,375,84,291
3225,375,84,291
3228,375,84,291
3229,375,84,291
3230,375,84,291
3238,375,84,291
3239,376,84,292
3244,376,84,292
3245,376,84,292
3246,376,84,292
3248,376,84,292
3253,376,84,292
3255,376,84,292
3256,377,84,293
3261,378,84,294
3262,378,84,294
3265,379,84,295
3269,379,84,295
3274,381,84,297
3275,382,84,298
3278,382,84,298
3281,382,84,298
3283,384,84,300
3284,386,84,302
3291,386,84,302
3292,390,84,306
3294,390,84,306
3296,390,84,306
3302,390,84,306
3303,391,84,307
3306,391,84,307
3311,391,84,307
3313,392,84,308
3314,392,84,308
3321,392,84,308
3322,393,84,309
3323,393,84,309
3328,394,84,310
3331,395,84,311
3332,395,84,311
3333,395,84,311
3338,395,84,311
3340,395,84,311
3341,395,84,311
3343,395,84,311
3348,395,84,311
3350,396,84,312
3351,396,84,312
3358,396,84,312
3359,396,84,312
3360,396,84,312
3361,396,84,312
3364,396,84,312
3366,396,84,312
3370,396,84,312
3380,396,84,312
3381,396,84,312
3382,396,84,312
3383,396,84,312
3384,396,84,312
3385,396,84,312
3387,396,84,312
3391,396,84,312
3392,396,84,312
3400,396,84,312
3401,396,84,312
3404,396,84,312
3405,396,84,312
3406,396,84,312
3411,397,84,313
3412,399,84,315
3413,399,84,315
3421,399,84,315
3422,399,84,315
3423,399,84,315
3424,399,84,315
3425,399,84,315
3428,399,84,315
3433,399,84,315
3441,399,84,315
3442,400,84,316
3443,400,84,316
3446,400,84,316
3450,400,84,316
3454,400,84,316
3460,400,84,316
3461,400,84,316
3462,401,84,317
3465,403,84,319
3467,403,84,319
3470,403,84,319
3475,403,84,319
3476,403,84,319
3478,403,84,319
3479,403,84,319
3480,403,84,319
3481,404,84,320
3488,404,84,320
3489,404,84,320
3497,404,84,320
3498,404,84,320
3501,404,84,320
3510,404,84,320
3511,404,84,320
3517,404,84,320
3518,404,84,320
3521,404,84,320
3522,404,84,320
3527,404,84,320
3531,404,84,320
3533,404,84,320
3535,404,84,320
3536,405,84,321
3538,405,84,321
3540,406,84,322
3543,406,84,322
3545,406,84,322
3551,406,84,322
3553,406,84,322
3554,406,84,322
3555,406,84,322
3556,406,84,322
3558,407,84,323
3566,407,84,323
3568,407,84,323
3573,407,84,323
3574,407,84,323
3576,407,84,323
3577,410,84,326
3580,410,84,326
3585,410,84,326
3589,410,84,326
3592,410,84,326
3593,410,84,326
3594,410,84,326
3595,410,84,326
3600,410,84,326
3607,410,84,326
3611,410,84,326
3613,410,84,326
3614,410,84,326
3615,410,84,326
3616,410,84,326
3619,410,84,326
3628,410,84,326
3632,410,84,326
3633,410,84,326
3634,410,84,326
3636,410,84,326
3642,410,84,326
3643,410,84,326
3652,411,84,327
3655,412,84,328
3659,412,84,328
3666,412,84,328
3668,412,84,328
3671,413,84,329
3673,413,84,329
3677,413,84,329
3679,413,84,329
3691,415,84,331
3692,415,84,331
3693,415,84,331
3694,415,84,331
3697,415,84,331
3701,415,84,331
3710,416,84,332
3712,416,84,332
3716,416,84,332
3719,417,84,333
3721,417,84,333
3730,417,84,333
3731,417,84,333
3739,417,84,333
3740,417,84,333
3743,417,84,333
3750,417,84,333
3752,417,84,333
3763,417,84,333
3764,417,84,333
3769,418,84,334
3770,418,84,334
3778,418,84,334
3779,418,84,334
3785,418,84,334
3786,418,84,334
3788,418,84,334
3790,418,84,334
3792,418,84,334
3800,418,84,334
3806,419,84,335
3807,419,84,335
3808,419,84,335
3811,419,84,335
3812,419,84,335
3828,419,84,335
3829,419,84,335
3832,419,84,335
3837,419,84,335
3838,419,84,335
3847,419,84,335
3850,420,84,336
3851,420,84,336
3867,420,84,336
3868,421,84,337
3869,421,84,337
3870,421,84,337
3872,421,84,337
3888,421,84,337
3891,421,84,337
3892,421,84,337
3894,421,84,337
3909,421,84,337
3913,421,84,337
3914,421,84,337
3916,421,84,337
3920,421,84,337
3929,421,84,337
3933,421,84,337
3937,421,84,337
3938,421,84,337
3946,421,84,337
3948,421,84,337
3950,422,84,338
3953,422,84,338
3958,422,84,338
3961,422,84,338
3970,422,84,338
3973,422,84,338
3975,422,84,338
3981,422,84,338
3983,422,84,338
3992,422,84,338
3994,422,84,338
3998,422,84,338
4002,422,84,338
4003,422,84,338
4006,422,84,338
4011,422,84,338
4012,422,84,338
4015,422,84,338
4019,422,84,338
4025,424,84,340
4028,424,84,340
4032,424,84,340
4033,424,84,340
4036,424,84,340
4044,424,84,340
4047,424,84,340
4052,424,84,340
4054,424,84,340
4061,424,84,340
4067,424,84,340
4069,424,84,340
4071,424,84,340
4072,424,84,340
4073,424,84,340
4074,424,84,340
4075,424,84,340
4089,424,84,340
4090,424,84,340
4091,424,84,340
4093,424,84,340
4095,424,84,340
4096,424,84,340
4111,424,84,340
4115,424,84,340
4117,424,84,340
4118,424,84,340
4129,424,84,340
4131,424,84,340
4134,424,84,340
4140,426,84,342
4141,426,84,342
4143,426,84,342
4144,426,84,342
4151,427,84,343
4152,427,84,343
4154,427,84,343
4163,427,84,343
4170,427,84,343
4171,428,84,344
4172,428,84,344
4176,428,84,344
4187,428,84,344
4193,428,84,344
4194,428,84,344
4195,428,84,344
4196,428,84,344
4197,428,84,344
4206,428,84,344
4209,428,84,344
4210,428,84,344
4214,430,84,346
4215,430,84,346
4217,430,84,346
4219,430,84,346
4220,430,84,346
4224,430,84,346
4229,430,84,346
4233,430,84,346
4234,430,84,346
4236,430,84,346
4237,430,84,346
4239,430,84,346
4241,431,84,347
4250,431,84,347
4253,431,84,347
4256,431,84,347
4257,431,84,347
4258,431,84,347
4261,431,84,347
4265,431,84,347
4277,431,84,347
4278,431,84,347
4280,431,84,347
4281,431,84,347
4283,431,84,347
4284,431,84,347
4291,431,84,347
4299,431,84,347
4302,431,84,347
4304,431,84,347
4305,431,84,347
4316,431,84,347
4320,431,84,347
4324,431,84,347
4326,432,84,348
4329,433,84,349
4330,433,84,349
4341,436,84,352
4343,437,84,353
4345,437,84,353
4348,437,84,353
4349,437,84,353
4352,437,84,353
4358,437,84,353
4359,437,84,353
4362,437,84,353
4366,437,84,353
4369,437,84,353
4370,437,84,353
4374,437,84,353
4376,437,84,353
4383,437,84,353
4384,439,84,355
4387,439,84,355
4389,439,84,355
4391,439,84,355
4396,440,84,356
4397,440,84,356
4401,441,84,357
4404,441,84,357
4409,441,84,357
4411,441,84,357
4412,441,84,357
4415,441,84,357
4421,441,84,357
4422,441,84,357
4426,443,84,359
4427,443,84,359
4432,443,84,359
4434,443,84,359
4443,443,84,359
4446,443,84,359
4447,443,84,359
4452,443,84,359
4453,443,84,359
4454,443,84,359
4455,444,84,360
4469,444,84,360
4470,444,84,360
4471,444,84,360
4476,444,84,360
4477,444,84,360
4478,445,84,361
4491,445,84,361
4495,446,84,362
4498,446,84,362
4500,446,84,362
4501,446,84,362
4505,446,84,362
4513,447,84,363
4520,447,84,363
4521,448,84,364
4524,448,84,364
4525,448,84,364
4528,448,84,364
4531,448,84,364
4534,448,84,364
4542,448,84,364
4547,449,84,365
4550,449,84,365
4556,449,84,365
4557,449,84,365
4566,449,84,365
4571,449,84,365
4573,449,84,365
4576,449,84,365
4585,449,84,365
4588,449,84,365
4594,449,84,365
4597,449,84,365
4599,449,84,365
4611,449,84,365
4613,449,84,365
4617,449,84,365
4619,449,84,365
4621,449,84,365
4627,449,84,365
4635,449,84,365
4639,449,84,365
4640,449,84,365
4641,449,84,365
4644,449,84,365
4645,449,84,365
4652,450,84,366
4658,450,84,366
4662,450,84,366
4664,451,84,367
4665,451,84,367
4670,451,84,367
4671,451,84,367
4678,451,84,367
4681,451,84,367
4683,451,84,367
4686,451,84,367
4690,451,84,367
4692,451,84,367
4695,451,84,367
4700,451,84,367
4704,453,84,369
4705,453,84,369
4706,454,84,370
4708,454,84,370
4717,454,84,370
4718,454,84,370
4719,454,84,370
4728,455,84,371
4729,455,84,371
4730,455,84,371
4743,455,84,371
4744,455,84,371
4745,456,84,372
4751,456,84,372
4752,457,84,373
4754,457,84,373
4755,457,84,373
4759,457,84,373
4768,458,84,374
4770,458,84,374
4774,458,84,374
4779,458,84,374
4781,458,84,374
4788,458,84,374
4794,458,84,374
4796,459,84,375
4797,459,84,375
4798,459,84,375
4804,459,84,375
4807,459,84,375
4816,459,84,375
4820,459,84,375
4821,460,84,376
4827,460,84,376
4828,460,84,376
4833,461,84,377
4844,462,84,378
4845,462,84,378
4846,462,84,378
4847,463,84,379
4853,463,84,379
4858,463,84,379
4860,466,84,382
4866,466,84,382
4869,466,84,382
4870,466,84,382
4874,467,84,383
4876,467,84,383
4888,468,84,384
4889,468,84,384
4894,468,84,384
4896,468,84,384
4901,468,84,384
4904,468,84,384
4907,468,84,384
4910,468,84,384
4918,468,84,384
4919,468,84,384
4921,468,84,384
4923,468,84,384
4925,468,84,384
4932,468,84,384
4933,468,84,384
4934,468,84,384
4936,468,84,384
4942,468,84,384
4949,468,84,384
4950,468,84,384
4952,468,84,384
4956,468,84,384
4957,468,84,384
4963,468,84,384
4966,468,84,384
4967,468,84,384
4973,468,84,384
4979,468,84,384
4981,469,84,385
4982,469,84,385
4983,469,84,385
4992,470,84,386
4993,470,84,386
4995,470,84,386
4998,470,84,386
5002,471,84,387
5008,471,84,387
5010,471,84,387
5016,471,84,387
5021,471,84,387
5025,471,84,387
5026,472,84,388
5033,472,84,388
5041,473,84,389
5046,473,84,389
5049,473,84,389
5054,473,84,389
5055,473,84,389
5057,473,84,389
5066,474,84,390
5069,474,84,390
5071,474,84,390
5073,474,84,390
5083,474,84,390
5085,475,84,391
5091,475,84,391
5095,475,84,391
5096,475,84,391
5100,475,84,391
5102,475,84,391
5108,475,84,391
5115,475,84,391
5117,475,84,391
5118,476,84,392
5120,476,84,392
5122,476,84,392
5127,476,84,392
5131,476,84,392
5132,476,84,392
5133,477,84,393
5141,477,84,393
5144,478,84,394
5145,478,84,394
5146,478,84,394
5147,478,84,394
5161,479,84,395
5162,479,84,395
5165,479,84,395
5169,479,84,395
5172,479,84,395
5176,479,84,395
5177,479,84,395
5191,479,84,395
5192,479,84,395
5197,479,84,395
5206,479,84,395
5207,479,84,395
5216,479,84,395
5217,480,84,396
5221,480,84,396
5222,482,84,398
5223,482,84,398
5237,484,84,400
5238,484,84,400
5240,484,84,400
5249,484,84,400
5252,484,84,400
5254,484,84,400
5260,484,84,400
5265,485,84,401
5267,485,84,401
5270,486,84,402
5275,486,84,402
5282,486,84,402
5283,486,84,402
5284,486,84,402
5289,488,84,404
5299,488,84,404
5300,488,84,404
5307,488,84,404
5309,488,84,404
5312,488,84,404
5313,489,84,405
5315,489,84,405
5322,489,84,405
5327,489,84,405
5330,489,84,405
5331,489,84,405
5332,489,84,405
5334,489,84,405
5335,489,84,405
5338,489,84,405
5340,489,84,405
5343,489,84,405
5345,489,84,405
5346,489,84,405
5352,489,84,405
5354,489,84,405
5357,489,84,405
5360,489,84,405
5361,489,84,405
5362,489,84,405
5363,489,84,405
5365,489,84,405
5368,489,84,405
5374,489,84,405
5377,489,84,405
5378,489,84,405
5379,489,84,405
5389,489,84,405
5390,489,84,405
5391,489,84,405
5398,489,84,405
5402,489,84,405
5403,489,84,405
5413,490,84,406
5414,490,84,406
5415,490,84,406
5417,490,84,406
5421,490,84,406
5427,491,84,407
5429,491,84,407
5430,491,84,407
5438,491,84,407
5439,491,84,407
5443,491,84,407
5446,491,84,407
5448,491,84,407
5451,491,84,407
5453,491,84,407
5454,491,84,407
5461,491,84,407
5463,492,84,408
5469,492,84,408
5470,492,84,408
5472,492,84,408
5477,492,84,408
5478,493,84,409
5480,493,84,409
5484,493,84,409
5489,494,84,410
5490,494,84,410
5495,496,84,412
5496,496,84,412
5502,496,84,412
5505,496,84,412
5512,496,84,412
5514,496,84,412
5515,496,84,412
5521,497,84,413
5527,497,84,413
5528,497,84,413
5531,497,84,413
5540,497,84,413
5545,497,84,413
5546,498,84,414
5554,498,84,414
5557,498,84,414
5563,498,84,414
5564,498,84,414
5567,498,84,414
5570,498,84,414
5571,499,84,415
5577,499,84,415
5580,499,84,415
5581,499,84,415
5583,499,84,415
5586,499,84,415
5589,499,84,415
5594,499,84,415
5595,499,84,415
5596,499,84,415
5597,499,84,415
5607,499,84,415
5609,500,84,416
5613,500,84,416
5614,500,84,416
5615,500,84,416
5618,501,84,417
5620,501,84,417
5625,501,84,417
5635,501,84,417
5638,501,84,417
5639,501,84,417
5640,501,84,417
5643,501,84,417
5645,501,84,417
5647,501,84,417
5653,501,84,417
5662,501,84,417
5666,502,84,418
5667,502,84,418
5668,502,84,418
5672,502,84,418
5675,502,84,418
5682,503,84,419
5683,504,84,420
5688,504,84,420
5691,505,84,421
5693,505,84,421
5698,505,84,421
5699,505,84,421
5703,505,84,421
5705,505,84,421
5714,505,84,421
5715,505,84,421
5717,507,84,423
5723,507,84,423
5729,508,84,424
5732,508,84,424
5736,508,84,424
5741,508,84,424
5743,508,84,424
5744,510,84,426
5745,510,84,426
5750,510,84,426
5755,510,84,426
5761,511,84,427
5763,511,84,427
5766,511,84,427
5769,511,84,427
5770,511,84,427
5775,511,84,427
5776,512,84,428
5782,512,84,428
5790,513,84,429
5792,513,84,429
5795,514,84,430
5796,514,84,430
5797,514,84,430
5800,514,84,430
5808,515,84,431
5809,517,84,433
5811,517,84,433
5815,518,84,434
5821,519,84,435
5824,520,84,436
5825,520,84,436
5827,520,84,436
5835,520,84,436
5840,520,84,436
5848,520,84,436
5850,520,84,436
5852,520,84,436
5855,520,84,436
5856,520,84,436
5861,520,84,436
5863,520,84,436
5864,521,84,437
5870,521,84,437
5872,521,84,437
5875,522,84,438
5878,522,84,438
5881,522,84,438
5886,522,84,438
5888,522,84,438
5890,522,84,438
5893,522,84,438
5899,522,84,438
5900,522,84,438
5902,522,84,438
5908,522,84,438
5912,523,84,439
5915,523,84,439
5917,524,84,440
5919,524,84,440
5925,524,84,440
5935,524,84,440
5936,524,84,440
5937,524,84,440
5943,524,84,440
5944,524,84,440
5951,524,84,440
5952,524,84,440
5953,524,84,440
5957,524,84,440
5962,524,84,440
5963,524,84,440
5968,524,84,440
5971,524,84,440
5976,524,84,440
5978,524,84,440
5984,524,84,440
5988,524,84,440
5989,524,84,440
5997,524,84,440
6000,524,84,440
6004,526,84,442
6007,526,84,442
6013,527,84,443
6015,527,84,443
6017,528,84,444
6023,528,84,444
6024,528,84,444
6025,528,84,444
6029,528,84,444
6030,532,84,448
6033,532,84,448
6038,532,84,448
6042,532,84,448
6049,532,84,448
6050,532,84,448
6051,532,84,448
6055,532,84,448
6057,534,84,450
6058,534,84,450
6065,535,84,451
6068,535,84,451
6069,535,84,451
6075,535,84,451
6078,535,84,451
6083,536,84,452
6084,536,84,452
6085,536,84,452
6088,536,84,452
6089,536,84,452
6090,537,84,453
6095,537,84,453
6100,537,84,453
6105,537,84,453
6110,538,84,454
6115,538,84,454
6116,538,84,454
6119,538,84,454
6123,538,84,454
6128,539,84,455
6132,539,84,455
6137,539,84,455
6141,539,84,455
6144,539,84,455
6148,539,84,455
6149,541,84,457
6152,541,84,457
6154,541,84,457
6160,541,84,457
6164,541,84,457
6165,541,84,457
6168,541,84,457
6174,541,84,457
6176,541,84,457
6181,541,84,457
6183,541,84,457
6184,541,84,457
6188,542,84,458
6190,543,84,459
6198,543,84,459
6202,543,84,459
6203,543,84,459
6210,543,84,459
6214,543,84,459
6216,543,84,459
6217,545,84,461
6219,545,84,461
6229,545,84,461
6231,545,84,461
6233,545,84,461
6239,545,84,461
6244,545,84,461
6245,545,84,461
6246,545,84,461
6247,545,84,461
6256,545,84,461
6263,545,84,461
6264,545,84,461
6266,546,84,462
6270,546,84,462
6274,546,84,462
6279,546,84,462
6282,546,84,462
6283,546,84,462
6291,546,84,462
6295,546,84,462
6299,546,84,462
6302,546,84,462
6309,546,84,462
6311,546,84,462
6315,546,84,462
6320,546,84,462
6323,546,84,462
6329,546,84,462
6332,546,84,462
6336,546,84,462
6344,546,84,462
6347,546,84,462
6348,546,84,462
6349,546,84,462
6352,546,84,462
6357,546,84,462
6363,546,84,462
6364,546,84,462
6374,546,84,462
6375,546,84,462
6377,546,84,462
6378,546,84,462
6379,546,84,462
6382,546,84,462
6384,546,84,462
6385,546,84,462
6391,546,84,462
6398,546,84,462
6402,546,84,462
6406,546,84,462
6408,546,84,462
6409,546,84,462
6414,546,84,462
6420,546,84,462
6431,546,84,462
6437,546,84,462
6439,546,84,462
6443,546,84,462
6447,546,84,462
6457,546,84,462
6465,546,84,462
6466,546,84,462
6473,546,84,462
6475,546,84,462
6486,546,84,462
6493,546,84,462
6494,546,84,462
6501,546,84,462
6502,546,84,462
6508,546,84,462
6513,546,84,462
6521,546,84,462
6523,546,84,462
6530,546,84,462
6532,546,84,462
6541,547,84,463
6548,547,84,463
6554,547,84,463
6558,547,84,463
6561,547,84,463
6567,548,84,464
6574,548,84,464
6578,548,84,464
6582,548,84,464
6584,548,84,464
6591,548,84,464
6593,551,84,467
6595,551,84,467
6599,551,84,467
6606,551,84,467
6609,551,84,467
6612,551,84,467
6614,551,84,467
6618,551,84,467
6620,551,84,467
6624,551,84,467
6636,552,84,468
6640,552,84,468
6641,552,84,468
6643,552,84,468
6646,552,84,468
6651,553,84,469
6653,554,84,470
6655,554,84,470
6665,554,84,470
6668,554,84,470
6673,554,84,470
6674,554,84,470
6675,554,84,470
6681,554,84,470
6692,555,84,471
6694,555,84,471
6697,555,84,471
6705,555,84,471
6709,555,84,471
6710,556,84,472
6723,556,84,472
6725,556,84,472
6729,558,84,474
6736,558,84,474
6738,559,84,475
6743,559,84,475
6748,559,84,475
6751,559,84,475
6754,559,84,475
6763,559,84,475
6766,559,84,475
6780,559,84,475
6781,559,84,475
6783,559,84,475
6802,559,84,475
6809,559,84,475
6811,559,84,475
6816,559,84,475
6820,561,84,477
6836,561,84,477
6838,562,84,478
6841,562,84,478
6842,562,84,478
6852,562,84,478
6857,562,84,478
6864,562,84,478
6869,562,84,478
6875,562,84,478
6888,562,84,478
6892,562,84,478
6893,562,84,478
6900,562,84,478
6912,562,84,478
6920,562,84,478
6921,564,84,480
6925,564,84,480
6929,564,84,480
6946,564,84,480
6947,564,84,480
6949,565,84,481
6950,565,84,481
6959,565,84,481
6960,565,84,481
6964,566,84,482
6972,566,84,482
6978,566,84,482
6980,566,84,482
6981,566,84,482
6988,566,84,482
6995,566,84,482
7002,566,84,482
7007,566,84,482
7009,566,84,482
7018,566,84,482
7029,566,84,482
7031,566,84,482
7038,566,84,482
7040,566,84,482
7048,566,84,482
7061,566,84,482
7065,566,84,482
7068,566,84,482
7070,566,84,482
7078,566,84,482
7089,566,84,482
7098,567,84,483
7100,567,84,483
7104,567,84,483
7109,567,84,483
7119,567,84,483
7127,567,84,483
7130,567,84,483
7140,567,84,483
7141,567,84,483
7148,567,84,483
7150,569,84,485
7156,569,84,485
7158,569,84,485
7161,569,84,485
7167,574,84,490
7172,574,84,490
7177,574,84,490
7178,574,84,490
7184,574,84,490
7185,574,84,490
7188,574,84,490
7189,576,84,492
7195,576,84,492
7202,576,84,492
7203,576,84,492
7209,576,84,492
7212,576,84,492
7213,577,84,493
7218,577,84,493
7220,577,84,493
7230,578,84,494
7235,578,84,494
7236,578,84,494
7240,579,84,495
7248,579,84,495
7249,579,84,495
7251,579,84,495
7254,579,84,495
7264,579,84,495
7267,579,84,495
7269,581,84,497
7271,581,84,497
7281,581,84,497
7282,581,84,497
7285,581,84,497
7289,582,84,498
7294,582,84,498
7297,583,84,499
7307,584,84,500
7310,584,84,500
7312,584,84,500
7320,584,84,500
7324,584,84,500
7325,584,84,500
7326,584,84,500
7339,584,84,500
7342,584,84,500
7344,584,84,500
7355,584,84,500
7357,584,84,500
7359,584,84,500
7368,584,84,500
7376,584,84,500
7385,584,84,500
7387,584,84,500
7393,584,84,500
7394,584,84,500
7398,584,84,500
7408,584,84,500
7411,584,84,500
7412,585,84,501
7417,585,84,501
7420,585,84,501
7428,585,84,501
7429,585,84,501
7431,585,84,501
7441,585,84,501
7442,585,84,501
7446,585,84,501
7448,585,84,501
7450,585,84,501
7451,585,84,501
7458,585,84,501
7464,585,84,501
7468,585,84,501
7471,586,84,502
7473,586,84,502
7478,586,84,502
7482,586,84,502
7483,586,84,502
7487,586,84,502
7500,588,84,504
7505,588,84,504
7506,588,84,504
7512,588,84,504
7518,589,84,505
7526,591,84,507
7536,594,84,510
7537,594,84,510
7538,594,84,510
7542,594,84,510
7544,594,84,510
7546,594,84,510
7553,595,84,511
7566,595,84,511
7569,595,84,511
7570,597,84,513
7576,597,84,513
7578,597,84,513
7582,597,84,513
7587,602,84,518
7597,602,84,518
7602,602,84,518
7605,603,84,519
7608,603,84,519
7609,603,84,519
7619,603,84,519
7622,604,84,520
7627,604,84,520
7634,604,84,520
7638,604,84,520
7641,605,84,521
7643,605,84,521
7649,605,84,521
7657,605,84,521
7658,606,84,522
7667,606,84,522
7668,606,84,522
7676,606,84,522
7677,608,84,524
7693,608,84,524
7695,608,84,524
7699,609,84,525
7709,609,84,525
7713,609,84,525
7725,609,84,525
7730,609,84,525
7731,610,84,526
7732,610,84,526
7743,610,84,526
7749,611,84,527
7758,611,84,527
7761,611,84,527
7766,612,84,528
7772,612,84,528
7777,612,84,528
7784,612,84,528
7788,612,84,528
7792,612,84,528
7802,613,84,529
7807,613,84,529
7811,613,84,529
7819,613,84,529
7821,613,84,529
7822,613,84,529
7840,615,84,531
7841,615,84,531
7846,616,84,532
7849,616,84,532
7851,616,84,532
7854,617,84,533
7859,619,84,535
7867,619,84,535
7873,619,84,535
7878,620,84,536
7882,620,84,536
7884,620,84,536
7886,620,84,536
7898,620,84,536
7906,620,84,536
7912,622,84,538
7914,622,84,538
7915,622,84,538
7918,622,84,538
7925,622,84,538
7937,622,84,538
7938,622,84,538
7945,623,84,539
7958,624,84,540
7963,624,84,540
7971,624,84,540
7974,624,84,540
7976,625,84,541
7977,625,84,541
7979,625,84,541
7998,625,84,541
7999,625,84,541
8003,625,84,541
8006,625,84,541
8009,626,84,542
8013,626,84,542
8019,626,84,542
8035,626,84,542
8037,626,84,542
8038,626,84,542
8039,627,84,543
8046,627,84,543
8060,627,84,543
8067,627,84,543
8068,627,84,543
8070,627,84,543
8071,628,84,544
8076,628,84,544
8077,628,84,544
8079,630,84,546
8098,630,84,546
8099,630,84,546
8104,630,84,546
8109,630,84,546
8117,630,84,546
8118,630,84,546
8128,630,84,546
8135,630,84,546
8137,630,84,546
8139,630,84,546
8142,630,84,546
8157,630,84,546
8160,631,84,547
8168,631,84,547
8170,631,84,547
8175,631,84,547
8179,631,84,547
8195,631,84,547
8200,631,84,547
8201,631,84,547
8203,631,84,547
8207,631,84,547
8221,631,84,547
8231,631,84,547
8234,631,84,547
8236,631,84,547
8241,632,84,548
8243,633,84,549
8256,634,84,550
8263,634,84,550
8264,634,84,550
8265,635,84,551
8270,635,84,551
8275,635,84,551
8283,635,84,551
8284,635,84,551
8296,637,84,553
8301,637,84,553
8305,637,84,553
8314,637,84,553
8319,637,84,553
8326,637,84,553
8330,637,84,553
8335,637,84,553
8336,637,84,553
8340,637,84,553
8347,637,84,553
8352,637,84,553
8363,637,84,553
8368,637,84,553
8371,637,84,553
8383,637,84,553
8386,637,84,553
8389,637,84,553
8390,637,84,553
8397,638,84,554
8403,638,84,554
8405,638,84,554
8409,638,84,554
8422,638,84,554
8430,638,84,554
8431,638,84,554
8440,638,84,554
8452,638,84,554
8458,640,84,556
8463,641,84,557
8469,641,84,557
8473,641,84,557
8474,641,84,557
8476,641,84,557
8494,643,84,559
8497,643,84,559
8507,643,84,559
8508,643,84,559
8513,643,84,559
8514,643,84,559
8531,643,84,559
8543,643,84,559
8546,643,84,559
8564,643,84,559
8576,643,84,559
8585,643,84,559
8597,643,84,559
8611,643,84,559
8625,643,84,559
8631,644,84,560
8645,644,84,560
8664,644,84,560
8680,644,84,560
8699,644,84,560
8704,644,84,560
8711,644,84,560
8715,644,84,560
8730,644,84,560
8732,644,84,560
8737,645,84,561
8742,645,84,561
8748,645,84,561
8750,645,84,561
8760,646,84,562
8766,646,84,562
8768,646,84,562
8782,646,84,562
8783,646,84,562
8785,646,84,562
8802,646,84,562
8803,646,84,562
8806,647,84,563
8819,647,84,563
8821,647,84,563
8822,647,84,563
8828,647,84,563
8836,647,84,563
8842,647,84,563
8850,647,84,563
8854,647,84,563
8859,647,84,563
8861,647,84,563
8862,648,84,564
8871,648,84,564
8880,648,84,564
8889,648,84,564
8897,648,84,564
8900,648,84,564
8901,648,84,564
8919,648,84,564
8925,648,84,564
8934,648,84,564
8936,648,84,564
8939,648,84,564
8960,648,84,564
8961,648,84,564
8967,648,84,564
8972,648,84,564
8976,648,84,564
8981,648,84,564
8996,648,84,564
9000,648,84,564
9015,648,84,564
9020,648,84,564
9032,648,84,564
9036,648,84,564
9042,648,84,564
9053,648,84,564
9064,648,84,564
9067,648,84,564
9069,648,84,564
9085,648,84,564
9092,648,84,564
9103,648,84,564
9104,648,84,564
9105,648,84,564
9126,648,84,564
9129,648,84,564
9133,648,84,564
9136,648,84,564
9137,648,84,564
9147,648,84,564
9170,650,84,566
9173,650,84,566
9183,650,84,566
9203,650,84,566
9209,650,84,566
9212,650,84,566
9236,650,84,566
9244,650,84,566
9252,650,84,566
9269,650,84,566
9281,650,84,566
9295,650,84,566
9300,650,84,566
9317,650,84,566
9334,650,84,566
9336,650,84,566
9349,650,84,566
9352,650,84,566
9368,650,84,566
9371,650,84,566
9379,650,84,566
9389,650,84,566
9391,650,84,566
9400,650,84,566
9412,650,84,566
9421,650,84,566
9425,650,84,566
9433,650,84,566
9452,650,84,566
9462,650,84,566
9464,650,84,566
9468,650,84,566
9473,650,84,566
9499,650,84,566
9501,650,84,566
9506,650,84,566
9534,650,84,566
9536,650,84,566
9548,650,84,566
9569,650,84,566
9570,650,84,566
9573,650,84,566
9589,650,84,566
9604,650,84,566
9605,650,84,566
9632,650,84,566
9639,650,84,566
9641,650,84,566
9674,650,84,566
9675,650,84,566
9678,650,84,566
9680,650,84,566
9696,650,84,566
9707,650,84,566
9712,650,84,566
9716,650,84,566
9717,650,84,566
9737,650,84,566
9741,650,84,566
9750,650,84,566
9757,650,84,566
9759,650,84,566
9774,650,84,566
9775,650,84,566
9786,650,84,566
9795,650,84,566
9802,650,84,566
9808,650,84,566
9814,650,84,566
9822,650,84,566
9834,650,84,566
9841,650,84,566
9843,650,84,566
9853,650,84,566
9859,650,84,566
9872,650,84,566
9874,650,84,566
9876,651,84,567
9880,651,84,567
9892,651,84,567
9895,651,84,567
9907,651,84,567
9912,651,84,567
9913,651,84,567
9932,651,84,567
9941,651,84,567
9949,651,84,567
9952,651,84,567
9969,651,84,567
9972,651,84,567
9975,652,84,568
9989,652,84,568
10007,652,84,568
10008,652,84,568
10028,652,84,568
10044,654,84,570
10066,654,84,570
10080,654,84,570
10082,655,84,571
10103,655,84,571
10114,655,84,571
10116,655,84,571
10145,655,84,571
10147,655,84,571
10149,655,84,571
10152,655,84,571
10183,655,84,571
10187,655,84,571
10218,655,84,571
10225,655,84,571
10240,655,84,571
10254,655,84,571
10262,655,84,571
10265,655,84,571
10289,655,84,571
10299,655,84,571
10303,655,84,571
10324,655,84,571
10335,655,84,571
10342,655,84,571
10354,655,84,571
10355,655,84,571
10359,655,84,571
10370,655,84,571
10387,655,84,571
10389,655,84,571
10406,655,84,571
10423,655,84,571
10435,655,84,571
10443,655,84,571
10458,655,84,571
10475,655,84,571
10480,655,84,571
10493,655,84,571
10513,655,84,571
10516,655,84,571
10527,655,84,571
10550,655,84,571
10554,655,84,571
10556,655,84,571
10562,655,84,571
10579,655,84,571
10586,655,84,571
10595,655,84,571
10599,655,84,571
10603,655,84,571
10620,655,84,571
10622,655,84,571
10624,655,84,571
10633,655,84,571
10637,655,84,571
10643,655,84,571
10646,655,84,571
10649,657,84,573
10657,657,84,573
10668,657,84,573
10669,657,84,573
10675,657,84,573
10676,657,84,573
10692,657,84,573
10701,657,84,573
10703,657,84,573
10713,657,84,573
10714,657,84,573
10726,657,84,573
10737,657,84,573
10740,657,84,573
10747,657,84,573
10752,657,84,573
10757,657,84,573
10762,657,84,573
10777,657,84,573
10778,657,84,573
10784,657,84,573
10795,657,84,573
10803,657,84,573
10809,657,84,573
10814,657,84,573
10827,657,84,573
10834,657,84,573
10845,657,84,573
10850,657,84,573
10854,658,84,574
10857,658,84,574
10866,658,84,574
10872,658,84,574
10879,658,84,574
10881,658,84,574
10883,658,84,574
10888,658,84,574
10905,658,84,574
10911,658,84,574
10914,658,84,574
10919,658,84,574
10929,658,84,574
10932,659,84,575
10955,659,84,575
10956,659,84,575
10958,659,84,575
10959,659,84,575
10960,659,84,575
10978,659,84,575
10985,659,84,575
10992,659,84,575
10998,659,84,575
11000,659,84,575
11010,661,84,577
11022,661,84,577
11031,661,84,577
11037,661,84,577
11038,661,84,577
11043,661,84,577
11063,661,84,577
11065,661,84,577
11069,661,84,577
11078,661,84,577
11088,661,84,577
11090,661,84,577
11092,661,84,577
11108,661,84,577
11110,661,84,577
11117,661,84,577
11119,661,84,577
11132,662,84,578
11146,662,84,578
11148,662,84,578
11153,663,84,579
11155,663,84,579
11159,664,84,580
11173,664,84,580
11175,664,84,580
11184,664,84,580
11185,664,84,580
11194,664,84,580
11198,664,84,580
11199,664,84,580
11209,665,84,581
11219,665,84,581
11225,665,84,581
11233,665,84,581
11234,665,84,581
11242,665,84,581
11250,665,84,581
11259,665,84,581
11264,665,84,581
11265,665,84,581
11274,665,84,581
11275,665,84,581
11285,665,84,581
11286,665,84,581
11300,665,84,581
11303,665,84,581
11307,665,84,581
11308,665,84,581
11310,665,84,581
11313,665,84,581
11326,665,84,581
11329,665,84,581
11334,665,84,581
11342,665,84,581
11346,665,84,581
11351,665,84,581
11352,665,84,581
11359,665,84,581
11372,665,84,581
11376,665,84,581
11379,665,84,581
11382,665,84,581
11384,665,84,581
11393,665,84,581
11394,665,84,581
11402,665,84,581
11410,665,84,581
11415,665,84,581
11417,665,84,581
11419,665,84,581
11426,665,84,581
11433,665,84,581
11437,665,84,581
11452,665,84,581
11456,665,84,581
11458,665,84,581
11461,665,84,581
11472,665,84,581
11481,665,84,581
11487,665,84,581
11494,665,84,581
11495,665,84,581
11503,665,84,581
11513,665,84,581
11515,665,84,581
11524,665,84,581
11532,665,84,581
11533,665,84,581
11540,665,84,581
11546,665,84,581
11554,665,84,581
11566,666,84,582
11567,666,84,582
11571,666,84,582
11572,666,84,582
11589,666,84,582
11593,666,84,582
11596,666,84,582
11610,666,84,582
11611,666,84,582
11612,666,84,582
11617,666,84,582
11635,666,84,582
11644,666,84,582
11652,666,84,582
11658,666,84,582
11669,666,84,582
11676,666,84,582
11685,666,84,582
11690,666,84,582
11697,666,84,582
11710,666,84,582
11716,666,84,582
11723,666,84,582
11729,666,84,582
11736,667,84,583
11740,667,84,583
11749,667,84,583
11755,667,84,583
11761,667,84,583
11765,667,84,583
11775,667,84,583
11787,668,84,584
11799,668,84,584
11801,668,84,584
11803,668,84,584
11812,668,84,584
11826,668,84,584
11832,668,84,584
11833,668,84,584
11838,668,84,584
11839,669,84,585
11842,669,84,585
11852,669,84,585
11863,669,84,585
11870,669,84,585
11874,669,84,585
11878,669,84,585
11882,669,84,585
11887,669,84,585
11905,669,84,585
11909,669,84,585
11911,669,84,585
11912,669,84,585
11923,669,84,585
11932,670,84,586
11935,670,84,586
11948,671,84,587
11951,671,84,587
11958,671,84,587
11960,671,84,587
11968,671,84,587
11986,673,84,589
11988,673,84,589
11990,673,84,589
12010,673,84,589
12013,673,84,589
12025,673,84,589
12029,673,84,589
12036,673,84,589
12039,673,84,589
12052,673,84,589
12059,673,84,589
12065,673,84,589
12066,673,84,589
12068,673,84,589
12082,674,84,590
12094,674,84,590
12104,674,84,590
12105,674,84,590
12121,674,84,590
12127,674,84,590
12137,674,84,590
12142,674,84,590
12143,674,84,590
12148,674,84,590
12149,674,84,590
12171,674,84,590
12176,674,84,590
12179,674,84,590
12181,674,84,590
12183,674,84,590
12192,674,84,590
12204,675,84,591
12214,675,84,591
12217,675,84,591
12220,675,84,591
12227,675,84,591
12229,675,84,591
12236,675,84,591
12254,675,84,591
12256,675,84,591
12259,675,84,591
12261,675,84,591
12270,675,84,591
12272,675,84,591
12283,675,84,591
12291,675,84,591
12298,676,84,592
12300,676,84,592
12309,676,84,592
12310,676,84,592
12314,676,84,592
12326,676,84,592
12329,676,84,592
12336,676,84,592
12340,676,84,592
12343,676,84,592
12352,676,84,592
12356,676,84,592
12364,677,84,593
12367,677,84,593
12376,677,84,593
12381,677,84,593
12389,677,84,593
12398,677,84,593
12403,677,84,593
12405,677,84,593
12417,677,84,593
12420,677,84,593
12427,679,84,595
12439,679,84,595
12444,679,84,595
12445,679,84,595
12453,679,84,595
12459,679,84,595
12462,679,84,595
12473,679,84,595
12480,679,84,595
12481,679,84,595
12482,679,84,595
12498,680,84,596
12501,680,84,596
12507,680,84,596
12521,680,84,596
12525,680,84,596
12531,680,84,596
12533,680,84,596
12535,680,84,596
12559,680,84,596
12560,680,84,596
12561,680,84,596
12567,680,84,596
12576,680,84,596
12589,680,84,596
12591,680,84,596
12595,680,84,596
12611,680,84,596
12617,680,84,596
12618,680,84,596
12619,680,84,596
12633,680,84,596
12645,680,84,596
12650,680,84,596
12655,680,84,596
12658,680,84,596
12670,680,84,596
12673,680,84,596
12680,680,84,596
12700,680,84,596
12701,680,84,596
12702,680,84,596
12710,681,84,597
12730,681,84,597
12740,681,84,597
12743,682,84,598
12761,682,84,598
12771,683,84,599
12784,683,84,599
12785,683,84,599
12790,683,84,599
12800,685,84,601
12818,685,84,601
12825,685,84,601
12828,686,84,602
12831,686,84,602
12847,686,84,602
12860,686,84,602
12871,686,84,602
12872,686,84,602
12876,686,84,602
12889,686,84,602
12905,686,84,602
12913,686,84,602
12915,686,84,602
12919,686,84,602
12935,687,84,603
12951,687,84,603
12956,687,84,603
12958,687,84,603
12964,688,84,604
12983,688,84,604
12993,688,84,604
12998,688,84,604
13002,688,84,604
13014,688,84,604
13024,689,84,605
13042,689,84,605
13044,689,84,605
13045,689,84,605
13053,689,84,605
13075,689,84,605
13082,689,84,605
13086,689,84,605
13088,689,84,605
13095,689,84,605
13106,689,84,605
13113,689,84,605
13129,689,84,605
13131,689,84,605
13139,689,84,605
13141,689,84,605
13169,689,84,605
13170,689,84,605
13174,689,84,605
13175,689,84,605
13200,689,84,605
13201,689,84,605
13216,689,84,605
13218,689,84,605
13227,689,84,605
13231,690,84,606
13257,690,84,606
13260,690,84,606
13263,690,84,606
13264,690,84,606
13287,690,84,606
13296,691,84,607
13303,691,84,607
13307,691,84,607
13316,691,84,607
13330,692,84,608
13344,692,84,608
13346,692,84,608
13352,692,84,608
13365,693,84,609
13374,693,84,609
13384,693,84,609
13389,693,84,609
13397,693,84,609
13399,693,84,609
13403,693,84,609
13430,694,84,610
13432,694,84,610
13433,694,84,610
13444,694,84,610
13462,694,84,610
13465,695,84,611
13475,695,84,611
13488,695,84,611
13491,695,84,611
13497,695,84,611
13518,695,84,611
13519,695,84,611
13530,695,84,611
13531,696,84,612
13551,696,84,612
13561,698,84,614
13565,699,84,615
13574,699,84,615
13579,699,84,615
13600,699,84,615
13604,699,84,615
13608,699,84,615
13617,699,84,615
13633,699,84,615
13639,699,84,615
13649,699,84,615
13658,699,84,615
13666,699,84,615
13667,699,84,615
13668,699,84,615
13693,699,84,615
13694,699,84,615
13698,699,84,615
13702,699,84,615
13726,699,84,615
13736,699,84,615
13737,699,84,615
13742,699,84,615
13755,699,84,615
13772,700,84,616
13779,700,84,616
13784,700,84,616
13786,700,84,616
13807,700,84,616
13816,700,84,616
13823,700,84,616
13842,700,84,616
13845,700,84,616
13866,700,84,616
13875,700,84,616
13876,700,84,616
13877,701,84,617
13891,701,84,617
13907,701,84,617
13909,701,84,617
13936,701,84,617
13937,701,84,617
13970,701,84,617
13981,701,84,617
14001,701,84,617
14028,701,84,617
14034,701,84,617
14064,701,84,617
14073,701,84,617
14095,701,84,617
14118,701,84,617
14125,701,84,617
14127,701,84,617
14157,701,84,617
14163,701,84,617
14189,701,84,617
14209,701,84,617
14220,701,84,617
14253,701,84,617
14255,701,84,617
14285,701,84,617
14299,701,84,617
14307,701,84,617
14316,701,84,617
14340,701,84,617
14341,701,84,617
14348,701,84,617
14380,701,84,617
14386,701,84,617
14414,701,84,617
14428,701,84,617
14444,701,84,617
14470,701,84,617
14477,701,84,617
14508,701,84,617
14512,701,84,617
14540,701,84,617
14557,701,84,617
14572,701,84,617
14599,701,84,617
14604,701,84,617
14639,701,84,617
14642,701,84,617
14670,701,84,617
14683,701,84,617
14690,701,84,617
14702,701,84,617
14734,701,84,617
14764,701,84,617
14798,701,84,617
14832,701,84,617
14864,702,84,618
14895,702,84,618
14928,702,84,618
14960,702,84,618
14993,702,84,618
15024,702,84,618
15057,702,84,618
15074,702,84,618
15091,702,84,618
15096,702,84,618
15100,703,84,619
15119,703,84,619
15125,703,84,619
15158,703,84,619
15193,703,84,619
15227,703,84,619
15260,703,84,619
15295,703,84,619
15314,703,84,619
15321,703,84,619
15328,704,84,620
15350,704,84,620
15363,704,84,620
15385,705,84,621
15396,705,84,621
15418,705,84,621
15427,705,84,621
15452,706,84,622
15463,707,84,623
15488,707,84,623
15498,708,84,624
15522,708,84,624
15523,709,84,625
15533,715,84,631
15557,716,84,632
15565,719,84,635
15591,719,84,635
15601,720,84,636
15626,720,84,636
15635,722,84,638
15669,723,84,639
15706,727,84,643
15741,727,84,643
15778,731,84,647
15814,733,84,649
15843,733,84,649
15848,733,84,649
15881,733,84,649
15884,733,84,649
15904,733,84,649
15916,733,84,649
15918,733,84,649
15927,735,84,651
15952,735,84,651
15953,736,84,652
15988,736,84,652
15989,736,84,652
16023,736,84,652
16027,736,84,652
16056,737,84,653
16065,739,84,655
16093,739,84,655
16103,739,84,655
16127,739,84,655
16140,739,84,655
16161,739,84,655
16177,739,84,655
16196,739,84,655
16231,739,84,655
16265,739,84,655
16300,739,84,655
16335,739,84,655
16370,739,84,655
16396,739,84,655
16407,739,84,655
16427,739,84,655
16435,740,84,656
16443,740,84,656
16474,740,84,656
16479,740,84,656
16488,740,84,656
16515,740,84,656
16551,740,84,656
16588,740,84,656
16622,740,84,656
16656,741,84,657
16691,741,84,657
16692,741,84,657
16715,741,84,657
16727,741,84,657
16763,741,84,657
16799,741,84,657
16834,741,84,657
16870,741,84,657
16871,741,84,657
16907,741,84,657
16910,741,84,657
16917,741,84,657
16947,741,84,657
16985,741,84,657
17021,741,84,657
17057,741,84,657
17094,741,84,657
17119,741,84,657
17123,741,84,657
17128,741,84,657
17158,741,84,657
17163,741,84,657
17192,741,84,657
17201,741,84,657
17226,741,84,657
17237,741,84,657
17261,741,84,657
17275,741,84,657
17299,741,84,657
17313,741,84,657
17323,741,84,657
17335,741,84,657
17346,741,84,657
17348,741,84,657
17370,741,84,657
17383,742,84,658
17421,743,84,659
17459,743,84,659
17498,743,84,659
17536,743,84,659
17549,744,84,660
17572,744,84,660
17611,744,84,660
17648,744,84,660
17687,744,84,660
17725,744,84,660
17765,746,84,662
17805,747,84,663
17844,747,84,663
17884,747,84,663
17924,749,84,665
17933,750,84,666
17963,751,84,667
18003,752,84,668
18041,752,84,668
18080,753,84,669
18120,753,84,669
18160,753,84,669
18199,754,84,670
18238,754,84,670
18278,754,84,670
18315,754,84,670
18319,754,84,670
18356,754,84,670
18440,754,84,670
18576,755,84,671
18616,755,84,671
18655,755,84,671
18697,755,84,671
18737,755,84,671
18777,755,84,671
18820,755,84,671
18831,755,84,671
18860,755,84,671
18901,755,84,671
18940,755,84,671
18979,755,84,671
19022,756,84,672
19063,756,84,672
19106,756,84,672
19147,756,84,672
19189,757,84,673
19230,757,84,673
19237,758,84,674
19271,758,84,674
19312,759,84,675
19354,759,84,675
19396,759,84,675
19404,759,84,675
19436,759,84,675
19479,760,84,676
19521,760,84,676
19566,761,84,677
19610,763,84,679
19653,763,84,679
19694,763,84,679
19735,764,84,680
19775,764,84,680
19800,764,84,680
19816,764,84,680
19859,764,84,680
19900,764,84,680
19940,764,84,680
19978,765,84,681
20020,766,84,682
20063,766,84,682
20106,766,84,682
20147,766,84,682
20157,766,84,682
20189,766,84,682
20233,766,84,682
20274,766,84,682
20318,766,84,682
20361,766,84,682
20363,766,84,682
20406,766,84,682
20451,766,84,682
20494,766,84,682
20537,767,84,683
20580,767,84,683
20624,767,84,683
20664,767,84,683
20706,767,84,683
20747,767,84,683
20748,767,84,683
20769,767,84,683
20789,767,84,683
20792,767,84,683
20814,767,84,683
20834,769,84,685
20837,769,84,685
20875,769,84,685
20917,769,84,685
20958,769,84,685
21000,770,84,686
21040,770,84,686
21043,770,84,686
21063,770,84,686
21085,770,84,686
21086,770,84,686
21088,770,84,686
21109,770,84,686
21127,770,84,686
21131,770,84,686
21156,770,84,686
21167,770,84,686
21178,770,84,686
21201,770,84,686
21208,770,84,686
21223,770,84,686
21246,770,84,686
21249,770,84,686
21268,770,84,686
21289,770,84,686
21292,770,84,686
21314,770,84,686
21331,770,84,686
21337,770,84,686
21359,770,84,686
21370,770,84,686
21383,770,84,686
21406,770,84,686
21412,770,84,686
21432,770,84,686
21454,771,84,687
21455,771,84,687
21481,771,84,687
21496,771,84,687
21505,771,84,687
21529,771,84,687
21538,771,84,687
21554,771,84,687
21579,771,84,687
21582,771,84,687
21603,773,84,689
21624,773,84,689
21629,773,84,689
21653,773,84,689
21669,773,84,689
21678,774,84,690
21703,774,84,690
21715,774,84,690
21728,774,84,690
21755,774,84,690
21780,774,84,690
21806,774,84,690
21833,774,84,690
21841,775,84,691
22202,775,84,691
24939,775,84,691
25695,775,84,691
26270,775,84,691
26847,775,84,691
27061,775,84,691
27279,775,84,691
27494,775,84,691
27528,775,84,691
27563,775,84,691
27598,775,84,691
27634,775,84,691
27668,775,84,691
27703,775,84,691
27737,775,84,691
27768,775,84,691
27801,775,84,691
27834,775,84,691
27868,775,84,691
27899,775,84,691
27933,775,84,691
27969,775,84,691
28003,775,84,691
28038,775,84,691
28074,775,84,691
28113,775,84,691
28148,775,84,691
28364,775,84,691
28402,775,84,691
28438,775,84,691
28475,775,84,691
28513,775,84,691
28550,775,84,691
28586,775,84,691
28623,775,84,691
28660,775,84,691
28696,775,84,691
28732,775,84,691
28768,775,84,691
28804,775,84,691
28838,775,84,691
28874,775,84,691
28909,775,84,691
28943,775,84,691
28980,775,84,691
29015,775,84,691
29052,775,84,691
29089,775,84,691
29126,775,84,691
29162,775,84,691
29200,775,84,691
29240,775,84,691
29277,775,84,691
29315,775,84,691
29352,775,84,691
29392,775,84,691
29432,775,84,691
29469,775,84,691
29507,775,84,691
29544,775,84,691
29581,775,84,691
29620,775,84,691
29657,775,84,691
29695,775,84,691
29730,775,84,691
29770,775,84,691
29809,775,84,691
29847,775,84,691
29886,775,84,691
29926,775,84,691
29967,775,84,691
30007,775,84,691
30048,775,84,691
30088,775,84,691
30128,775,84,691
30166,775,84,691
30206,775,84,691
30244,775,84,691
30283,775,84,691
30322,775,84,691
30360,775,84,691
30398,775,84,691
30437,775,84,691
30477,775,84,691
30517,775,84,691
30556,775,84,691
30595,775,84,691
30635,775,84,691
30674,775,84,691
30714,775,84,691
30753,775,84,691
30794,775,84,691
30832,775,84,691
30872,775,84,691
30911,775,84,691
30952,775,84,691
30992,775,84,691
31033,775,84,691
31073,775,84,691
31111,775,84,691
31152,775,84,691
31191,775,84,691
31233,775,84,691
31272,775,84,691
31314,775,84,691
31353,775,84,691
31393,775,84,691
31432,775,84,691
31472,775,84,691
31511,775,84,691
31551,775,84,691
31591,775,84,691
31630,775,84,691
31672,775,84,691
31712,775,84,691
31753,775,84,691
31794,775,84,691
31833,775,84,691
31874,775,84,691
31913,775,84,691
31952,775,84,691
31993,775,84,691
32034,775,84,691
32075,775,84,691
32117,775,84,691
32160,775,84,691
32202,775,84,691
32426,775,84,691
32468,775,84,691
32510,775,84,691
32552,775,84,691
32594,775,84,691
32815,775,84,691
33217,775,84,691
33798,775,84,691
34200,775,84,691
37122,775,84,691
