Time,Accumulated All,Accumulated Acceptable,Accumulated Unacceptable
8,0,0,0
9,0,0,0
10,0,0,0
13,0,0,0
14,0,0,0
15,1,1,0
16,1,1,0
17,2,2,0
21,4,4,0
25,5,4,1
26,8,7,1
27,9,8,1
28,9,8,1
30,10,9,1
35,12,10,2
36,13,11,2
37,14,12,2
38,16,13,3
39,16,13,3
40,16,13,3
45,18,14,4
47,19,15,4
48,19,15,4
50,19,15,4
51,20,16,4
54,20,16,4
56,20,16,4
58,22,17,5
59,24,19,5
61,24,19,5
62,25,20,5
64,26,21,5
65,28,23,5
66,28,23,5
67,28,23,5
68,29,24,5
70,33,24,9
74,33,24,9
76,35,26,9
78,35,26,9
80,39,28,11
86,39,28,11
88,39,28,11
89,39,28,11
90,41,30,11
91,42,31,11
93,43,31,12
95,44,31,13
98,45,32,13
101,45,32,13
103,45,32,13
104,46,33,13
105,46,33,13
111,48,35,13
112,49,36,13
115,50,36,14
118,51,36,15
121,51,36,15
124,54,37,17
126,55,37,18
127,56,38,18
131,56,38,18
135,57,39,18
136,57,39,18
138,57,39,18
141,58,40,18
142,58,40,18
144,58,40,18
147,59,40,19
150,59,40,19
151,59,40,19
154,60,40,20
158,61,41,20
159,61,41,20
165,61,41,20
168,61,41,20
169,63,42,21
172,63,42,21
174,63,42,21
180,63,42,21
182,63,42,21
188,63,42,21
194,63,42,21
196,65,43,22
204,65,43,22
209,65,43,22
219,66,44,22
223,66,44,22
235,67,45,22
237,68,46,22
238,68,46,22
251,70,46,24
253,70,46,24
266,71,46,25
268,71,46,25
269,71,46,25
280,71,46,25
285,73,46,27
296,73,46,27
301,74,46,28
311,74,46,28
317,75,46,29
326,75,46,29
334,77,48,29
341,77,48,29
351,79,49,30
356,81,50,31
365,81,50,31
368,82,50,32
371,82,50,32
386,82,50,32
387,83,50,33
402,84,51,33
419,86,51,35
435,88,51,37
438,88,51,37
451,88,51,37
467,88,51,37
481,88,51,37
498,88,51,37
514,88,51,37
530,88,51,37
546,88,51,37
562,89,52,37
916,89,52,37
929,89,52,37
940,90,53,37
950,91,54,37
961,91,54,37
971,92,55,37
981,92,55,37
983,93,56,37
993,94,56,38
995,95,56,39
999,96,57,39
1005,98,57,41
1006,98,57,41
1012,100,58,42
1013,102,59,43
1017,103,59,44
1018,104,60,44
1025,105,60,45
1029,105,60,45
1030,105,60,45
1038,105,60,45
1039,106,61,45
1041,109,62,47
1051,110,63,47
1054,110,63,47
1055,111,63,48
1060,113,63,50
1064,114,63,51
1065,115,63,52
1066,115,63,52
1067,115,63,52
1073,115,63,52
1078,117,63,54
1080,119,64,55
1084,120,65,55
1086,120,65,55
1091,121,65,56
1092,122,65,57
1093,122,65,57
1100,123,65,58
1104,125,66,59
1107,127,66,61
1115,128,66,62
1117,128,66,62
1118,129,66,63
1119,129,66,63
1120,129,66,63
1122,130,66,64
1131,131,66,65
1133,132,66,66
1135,132,66,66
1136,132,66,66
1144,133,67,66
1147,135,67,68
1150,135,67,68
1153,135,67,68
1158,136,68,68
1160,138,70,68
1161,138,70,68
1163,139,70,69
1171,141,70,71
1174,141,70,71
1176,142,70,72
1177,143,70,73
1184,146,71,75
1185,147,71,76
1187,148,71,77
1189,148,71,77
1190,148,71,77
1192,150,71,79
1198,150,71,79
1200,152,71,81
1203,152,71,81
1207,152,71,81
1210,152,71,81
1212,153,71,82
1214,153,71,82
1217,153,71,82
1221,154,71,83
1226,154,71,83
1227,154,71,83
1228,155,72,83
1230,156,73,83
1235,156,73,83
1242,158,73,85
1249,158,73,85
1251,158,73,85
1256,159,73,86
1264,160,73,87
1271,161,73,88
1272,162,73,89
1280,162,73,89
1286,163,73,90
1288,164,73,91
1291,164,73,91
1294,164,73,91
1301,165,73,92
1303,165,73,92
1309,165,73,92
1311,165,73,92
1315,165,73,92
1323,165,73,92
1334,165,73,92
1338,165,73,92
1353,165,73,92
1356,165,73,92
1360,166,73,93
1367,166,73,93
1378,167,74,93
1381,169,75,94
1383,169,75,94
1398,169,75,94
1401,172,76,96
1415,172,76,96
1418,172,76,96
1421,172,76,96
1431,176,78,98
1443,177,79,98
1448,177,79,98
1462,178,79,99
1463,179,79,100
1479,179,79,100
1480,179,79,100
1485,180,80,100
1494,180,80,100
1506,182,80,102
1512,182,80,102
1529,184,80,104
1530,185,81,104
1545,187,81,106
1552,187,81,106
1562,189,81,108
1574,190,81,109
1578,190,81,109
1594,191,81,110
1610,193,81,112
1627,193,81,112
1644,195,82,113
1660,196,82,114
1677,197,82,115
1694,199,82,117
1710,199,82,117
1728,199,82,117
1746,201,82,119
1762,201,82,119
1781,201,82,119
1799,204,82,122
2045,204,82,122
2060,204,82,122
2133,204,82,122
2141,205,82,123
2148,206,83,123
2154,206,83,123
2163,206,83,123
2169,206,83,123
2179,207,83,124
2182,208,83,125
2192,208,83,125
2194,208,83,125
2195,209,83,126
2206,209,83,126
2208,210,84,126
2210,210,84,126
2218,211,84,127
2220,211,84,127
2225,212,85,127
2230,212,85,127
2233,212,85,127
2234,212,85,127
2242,212,85,127
2244,212,85,127
2248,212,85,127
2250,212,85,127
2258,212,85,127
2260,212,85,127
2263,212,85,127
2275,213,85,128
2279,213,85,128
2291,213,85,128
2293,214,86,128
2306,214,86,128
2307,214,86,128
2310,215,86,129
2322,216,86,130
2326,217,86,131
2339,218,86,132
2340,218,86,132
2343,218,86,132
2354,218,86,132
2356,219,86,133
2362,219,86,133
2371,220,86,134
2373,221,87,134
2379,221,87,134
2388,222,87,135
2396,222,87,135
2398,222,87,135
2406,225,88,137
2413,226,88,138
2423,227,88,139
2424,227,88,139
2441,228,88,140
2442,228,88,140
2456,228,88,140
2459,228,88,140
2473,228,88,140
2477,228,88,140
2490,228,88,140
2493,229,88,141
2507,229,88,141
2511,230,89,141
2515,230,89,141
2524,230,89,141
2534,231,89,142
2543,231,89,142
2555,231,89,142
2560,231,89,142
2575,232,89,143
2579,232,89,143
2596,232,89,143
2597,234,89,145
2615,235,90,145
2616,235,90,145
2634,235,90,145
2637,235,90,145
2652,236,90,146
2659,237,90,147
2670,238,90,148
2682,239,90,149
2690,239,90,149
2703,241,91,150
2709,242,91,151
2724,243,91,152
2727,244,92,152
2746,246,94,152
2764,246,94,152
2767,247,95,152
2783,247,95,152
2789,249,97,152
2802,249,97,152
2810,250,97,153
2820,251,97,154
2832,252,97,155
2840,253,97,156
2856,254,97,157
2859,254,97,157
2880,255,97,158
2900,255,97,158
2920,255,97,158
2940,255,97,158
2960,256,97,159
2975,259,97,162
2979,259,97,162
2989,259,97,162
3000,259,97,162
3022,260,97,163
3042,260,97,163
3065,260,97,163
3087,260,97,163
3109,260,97,163
3125,262,97,165
3131,262,97,165
3140,264,97,167
3153,264,97,167
3155,264,97,167
3166,265,97,168
3171,267,97,170
3175,267,97,170
3182,267,97,170
3185,267,97,170
3196,267,97,170
3199,267,97,170
3200,267,97,170
3214,268,97,171
3216,269,98,171
3218,269,98,171
3231,269,98,171
3240,270,98,172
3245,270,98,172
3246,271,98,173
3257,271,98,173
3263,271,98,173
3275,271,98,173
3280,273,98,175
3286,273,98,175
3293,273,98,175
3298,273,98,175
3309,273,98,175
3310,274,98,176
3313,274,98,176
3328,274,98,176
3329,276,98,178
3330,276,98,178
3331,276,98,178
3332,276,98,178
3345,276,98,178
3347,276,98,178
3355,276,98,178
3362,277,98,179
3366,277,98,179
3378,277,98,179
3380,277,98,179
3382,277,98,179
3396,278,98,180
3398,278,98,180
3404,278,98,180
3413,279,98,181
3414,280,98,182
3427,281,98,183
3430,281,98,183
3431,281,98,183
3443,281,98,183
3445,281,98,183
3451,281,98,183
3460,281,98,183
3463,281,98,183
3476,281,98,183
3478,281,98,183
3480,281,98,183
3494,282,98,184
3498,282,98,184
3500,282,98,184
3512,283,98,185
3514,283,98,185
3525,283,98,185
3530,284,98,186
3531,286,98,188
3548,287,98,189
3549,288,98,190
3565,289,98,191
3566,290,98,192
3572,290,98,192
3583,290,98,192
3587,291,98,193
3597,291,98,193
3600,292,98,194
3606,293,98,195
3617,294,98,196
3623,294,98,196
3626,294,98,196
3635,294,98,196
3646,294,98,196
3652,294,98,196
3666,295,98,197
3671,296,98,198
3687,297,98,199
3695,297,98,199
3708,298,98,200
3720,298,98,200
3729,298,98,200
3744,298,98,200
3751,299,98,201
3769,299,98,201
3771,299,98,201
3775,301,98,203
3791,301,98,203
3792,301,98,203
3809,302,98,204
3812,303,98,205
3817,304,98,206
3826,304,98,206
3832,304,98,206
3842,305,98,207
3843,305,98,207
3851,306,98,208
3860,306,98,208
3870,306,98,208
3871,309,98,211
3891,309,98,211
3895,309,98,211
3903,310,98,212
3910,311,98,213
3918,314,99,215
3922,314,99,215
3930,314,99,215
3933,315,99,216
3948,316,99,217
3950,316,99,217
3963,317,99,218
3969,319,99,220
3977,320,99,221
3978,320,99,221
3991,320,99,221
3992,320,99,221
4004,321,99,222
4007,321,99,222
4012,321,99,222
4022,323,99,224
4031,323,99,224
4032,324,99,225
4037,327,99,228
4052,327,99,228
4053,327,99,228
4059,327,99,228
4067,328,99,229
4074,328,99,229
4084,330,99,231
4088,330,99,231
4095,330,99,231
4099,331,99,232
4114,332,99,233
4115,332,99,233
4135,333,99,234
4144,333,99,234
4156,333,99,234
4159,333,99,234
4160,333,99,234
4172,333,99,234
4174,333,99,234
4177,333,99,234
4188,334,99,235
4193,334,99,235
4199,334,99,235
4202,334,99,235
4209,334,99,235
4221,335,99,236
4226,335,99,236
4229,335,99,236
4237,338,101,237
4243,338,101,237
4245,338,101,237
4259,338,101,237
4263,339,101,238
4264,339,101,238
4265,340,101,239
4282,340,101,239
4288,341,101,240
4290,341,101,240
4300,341,101,240
4310,342,101,241
4319,342,101,241
4321,343,101,242
4332,343,101,242
4338,343,101,242
4348,343,101,242
4353,343,101,242
4354,343,101,242
4357,343,101,242
4365,343,101,242
4375,343,101,242
4378,344,101,243
4382,344,101,243
4398,344,101,243
4399,344,101,243
4400,345,101,244
4411,345,101,244
4417,345,101,244
4418,346,101,245
4423,346,101,245
4436,346,101,245
4438,346,101,245
4442,346,101,245
4446,346,101,245
4455,346,101,245
4459,346,101,245
4469,346,101,245
4473,347,101,246
4480,347,101,246
4491,347,101,246
4492,347,101,246
4493,347,101,246
4500,347,101,246
4502,347,101,246
4507,347,101,246
4512,347,101,246
4515,347,101,246
4523,347,101,246
4531,347,101,246
4533,347,101,246
4537,347,101,246
4538,347,101,246
4550,347,101,246
4555,350,101,249
4561,350,101,249
4564,350,101,249
4565,351,101,250
4568,351,101,250
4570,351,101,250
4572,352,101,251
4579,352,101,251
4584,352,101,251
4587,352,101,251
4588,352,101,251
4589,355,101,254
4595,355,101,254
4596,355,101,254
4605,355,101,254
4606,355,101,254
4607,356,101,255
4608,356,101,255
4611,356,101,255
4622,356,101,255
4623,356,101,255
4624,356,101,255
4626,356,101,255
4631,356,101,255
4639,359,101,258
4642,360,101,259
4653,361,101,260
4655,361,101,260
4656,361,101,260
4660,361,101,260
4671,363,101,262
4679,365,101,264
4685,365,101,264
4688,365,101,264
4697,366,101,265
4703,366,101,265
4705,366,101,265
4715,366,101,265
4716,366,101,265
4722,366,101,265
4728,366,101,265
4733,366,101,265
4738,367,101,266
4747,367,101,266
4752,368,101,267
4756,369,101,268
4770,369,101,268
4772,371,101,270
4777,371,101,270
4780,371,101,270
4788,373,101,272
4790,373,101,272
4803,373,101,272
4807,377,101,276
4813,378,101,277
4824,379,101,278
4827,381,101,280
4828,382,101,281
4841,382,101,281
4845,382,101,281
4846,382,101,281
4853,382,101,281
4859,382,101,281
4864,384,101,283
4876,385,101,284
4877,386,101,285
4878,386,101,285
4883,387,101,286
4893,387,101,286
4904,387,101,286
4910,387,101,286
4911,387,101,286
4927,387,101,286
4929,387,101,286
4944,387,101,286
4953,387,101,286
4962,389,101,288
4975,389,101,288
4978,389,101,288
4979,389,101,288
4998,389,101,288
5004,389,101,288
5006,389,101,288
5015,389,101,288
5031,389,101,288
5035,389,101,288
5039,389,101,288
5053,389,101,288
5057,389,101,288
5071,389,101,288
5073,389,101,288
5082,390,101,289
5093,390,101,289
5105,390,101,289
5108,390,101,289
5113,390,101,289
5133,390,101,289
5134,390,101,289
5139,390,101,289
5148,390,101,289
5154,390,101,289
5160,390,101,289
5171,391,101,290
5172,392,101,291
5186,392,101,291
5193,394,101,293
5205,394,101,293
5211,396,101,295
5213,396,101,295
5231,397,101,296
5239,397,101,296
5240,397,101,296
5250,397,101,296
5271,398,101,297
5273,398,101,297
5291,398,101,297
5308,398,101,297
5310,399,101,298
5330,399,101,298
5343,399,101,298
5348,399,101,298
5367,400,101,299
5379,400,101,299
5387,400,101,299
5407,401,101,300
5414,401,101,300
5421,401,101,300
5444,401,101,300
5452,401,101,300
5465,401,101,300
5484,401,101,300
5489,401,101,300
5507,401,101,300
5526,401,101,300
5527,401,101,300
5547,402,101,301
5559,402,101,301
5562,402,101,301
5566,402,101,301
5575,402,101,301
5584,403,101,302
5592,404,101,303
5598,404,101,303
5604,404,101,303
5626,404,101,303
5636,404,101,303
5645,404,101,303
5664,404,101,303
5674,404,101,303
5684,404,101,303
5710,404,101,303
5747,404,101,303
5783,404,101,303
5802,408,101,307
5816,408,101,307
5822,410,101,309
5841,411,101,310
5855,411,101,310
5861,411,101,310
5879,411,101,310
5892,411,101,310
5899,412,101,311
5920,415,101,314
5927,415,101,314
5941,416,101,315
5960,416,101,315
5965,416,101,315
5982,416,101,315
6002,416,101,315
6003,416,101,315
6025,417,101,316
6041,417,101,316
6045,418,101,317
6055,418,101,317
6066,418,101,317
6075,419,101,318
6080,419,101,318
6087,419,101,318
6093,419,101,318
6110,420,101,319
6111,421,101,320
6118,421,101,320
6130,421,101,320
6131,421,101,320
6148,422,101,321
6154,422,101,321
6156,422,101,321
6168,423,101,322
6177,424,101,323
6187,426,101,325
6194,426,101,325
6196,427,101,326
6201,428,101,327
6205,429,101,328
6222,430,101,329
6225,430,101,329
6226,430,101,329
6234,430,101,329
6245,431,101,330
6253,433,101,332
6264,434,101,333
6267,434,101,333
6274,434,101,333
6283,435,101,334
6290,436,101,335
6304,436,101,335
6310,436,101,335
6313,439,101,338
6323,440,101,339
6325,440,101,339
6335,442,101,341
6338,442,101,341
6342,442,101,341
6345,442,101,341
6351,442,101,341
6359,444,101,343
6364,444,101,343
6367,444,101,343
6381,446,101,345
6383,446,101,345
6384,446,101,345
6389,446,101,345
6397,446,101,345
6404,447,101,346
6406,449,101,348
6424,449,101,348
6428,453,101,352
6429,453,101,352
6445,454,101,353
6451,454,101,353
6454,455,101,354
6459,455,101,354
6467,455,101,354
6470,455,101,354
6471,455,101,354
6478,456,101,355
6488,457,101,356
6490,457,101,356
6493,457,101,356
6503,460,101,359
6509,461,101,360
6511,462,101,361
6512,462,101,361
6521,462,101,361
6525,462,101,361
6529,462,101,361
6532,462,101,361
6533,462,101,361
6542,463,101,362
6550,463,101,362
6551,463,101,362
6553,464,101,363
6554,464,101,363
6555,467,101,366
6573,467,101,366
6578,468,101,367
6582,468,101,367
6586,468,101,367
6589,468,101,367
6593,468,101,367
6604,469,101,368
6605,471,101,370
6613,471,101,370
6617,471,101,370
6626,471,101,370
6629,471,101,370
6634,471,101,370
6647,471,101,370
6649,471,101,370
6656,472,101,371
6668,472,101,371
6678,472,101,371
6681,472,101,371
6690,472,101,371
6700,473,101,372
6707,473,101,372
6708,474,101,373
6713,474,101,373
6714,474,101,373
6723,474,101,373
6734,474,101,373
6735,474,101,373
6740,474,101,373
6743,474,101,373
6746,474,101,373
6748,474,101,373
6756,475,101,374
6760,476,101,375
6769,476,101,375
6774,478,101,377
6777,478,101,377
6784,478,101,377
6788,478,101,377
6790,478,101,377
6799,478,101,377
6808,479,101,378
6809,479,101,378
6813,479,101,378
6820,479,101,378
6828,479,101,378
6835,479,101,378
6840,479,101,378
6841,479,101,378
6861,479,101,378
6862,479,101,378
6869,479,101,378
6873,479,101,378
6883,479,101,378
6886,479,101,378
6887,479,101,378
6904,479,101,378
6905,479,101,378
6908,479,101,378
6910,479,101,378
6912,480,101,379
6924,481,101,380
6934,481,101,380
6938,481,101,380
6944,482,101,381
6948,482,101,381
6958,482,101,381
6964,482,101,381
6966,482,101,381
6970,482,101,381
6981,483,101,382
6985,484,101,383
6987,484,101,383
6991,484,101,383
7000,486,101,385
7003,487,101,386
7007,487,101,386
7013,488,101,387
7017,488,101,387
7019,488,101,387
7025,488,101,387
7029,489,101,388
7035,489,101,388
7040,489,101,388
7045,489,101,388
7050,490,101,389
7064,490,101,389
7067,490,101,389
7069,490,101,389
7072,490,101,389
7073,492,101,391
7092,492,101,391
7093,492,101,391
7099,492,101,391
7102,493,101,392
7103,493,101,392
7116,493,101,392
7118,493,101,392
7128,493,101,392
7135,493,101,392
7136,493,101,392
7141,493,101,392
7143,493,101,392
7155,495,101,394
7158,495,101,394
7166,495,101,394
7168,495,101,394
7182,495,101,394
7183,495,101,394
7192,495,101,394
7200,495,101,394
7209,496,101,395
7216,496,101,395
7222,496,101,395
7237,497,101,396
7240,497,101,396
7262,497,101,396
7265,497,101,396
7266,497,101,396
7289,498,101,397
7293,499,101,398
7301,499,101,398
7313,501,101,400
7320,501,101,400
7328,501,101,400
7337,501,101,400
7342,501,101,400
7348,503,101,402
7358,504,101,403
7369,505,101,404
7375,505,101,404
7383,505,101,404
7384,505,101,404
7390,505,101,404
7403,505,101,404
7405,505,101,404
7412,505,101,404
7423,505,101,404
7428,505,101,404
7431,505,101,404
7433,505,101,404
7449,505,101,404
7454,505,101,404
7459,505,101,404
7463,505,101,404
7476,506,101,405
7477,506,101,405
7487,506,101,405
7499,506,101,405
7500,506,101,405
7505,506,101,405
7516,506,101,405
7522,506,101,405
7524,506,101,405
7531,507,101,406
7543,507,101,406
7545,507,101,406
7546,507,101,406
7549,507,101,406
7559,507,101,406
7566,507,101,406
7570,507,101,406
7577,507,101,406
7587,507,101,406
7588,507,101,406
7589,507,101,406
7596,507,101,406
7603,507,101,406
7608,507,101,406
7618,509,101,408
7624,509,101,408
7631,509,101,408
7632,509,101,408
7633,509,101,408
7646,512,101,411
7652,512,101,411
7656,512,101,411
7659,512,101,411
7673,512,101,411
7674,512,101,411
7675,512,101,411
7679,512,101,411
7681,512,101,411
7688,512,101,411
7691,512,101,411
7702,514,101,413
7709,514,101,413
7715,514,101,413
7716,514,101,413
7726,514,101,413
7732,515,101,414
7739,515,101,414
7744,515,101,414
7750,515,101,414
7758,515,101,414
7762,515,101,414
7768,515,101,414
7770,515,101,414
7771,515,101,414
7774,516,101,415
7792,517,101,416
7793,517,101,416
7798,517,101,416
7809,518,101,417
7816,518,101,417
7820,518,101,417
7825,519,101,418
7826,519,101,418
7838,519,101,418
7840,520,101,419
7845,520,101,419
7847,520,101,419
7852,520,101,419
7864,520,101,419
7877,520,101,419
7878,520,101,419
7880,520,101,419
7887,521,101,420
7904,522,101,421
7908,522,101,421
7911,522,101,421
7912,522,101,421
7921,522,101,421
7933,524,101,423
7936,525,101,424
7937,525,101,424
7945,525,101,424
7953,525,101,424
7960,527,101,426
7963,527,101,426
7968,527,101,426
7971,527,101,426
7979,527,101,426
7981,528,101,427
7986,528,101,427
7989,529,101,428
7993,529,101,428
8004,529,101,428
8012,530,101,429
8013,530,101,429
8025,532,101,431
8037,533,101,432
8049,533,101,432
8056,535,101,434
8063,536,101,435
8082,536,101,435
8084,536,101,435
8088,536,101,435
8091,538,101,437
8104,538,101,437
8114,538,101,437
8118,539,101,438
8124,542,101,441
8128,542,101,441
8137,543,101,442
8151,543,101,442
8162,543,101,442
8184,545,101,444
8188,547,101,446
8212,548,101,447
8218,548,101,447
8238,548,101,447
8251,549,101,448
8285,549,101,448
8320,549,101,448
8354,549,101,448
8388,550,101,449
8408,551,101,450
8424,551,101,450
8425,551,101,450
8442,551,101,450
8460,551,101,450
8461,551,101,450
8478,551,101,450
8496,551,101,450
8497,551,101,450
8514,552,101,451
8532,553,101,452
8534,554,101,453
8551,554,101,453
8570,554,101,453
8571,554,101,453
8608,554,101,453
8609,554,101,453
8626,554,101,453
8643,554,101,453
8648,554,101,453
8661,554,101,453
8678,554,101,453
8687,554,101,453
8694,554,101,453
8711,554,101,453
8723,554,101,453
8728,554,101,453
8754,554,101,453
8762,554,101,453
8784,554,101,453
8799,554,101,453
8814,554,101,453
8840,554,101,453
8846,554,101,453
8880,554,101,453
8907,555,101,454
8925,556,101,455
8942,556,101,455
8947,556,101,455
8989,556,101,455
9032,556,101,455
9055,559,101,458
9074,559,101,458
9075,559,101,458
9090,559,101,458
9099,559,101,458
9116,559,101,458
9119,559,101,458
9122,559,101,458
9145,559,101,458
9149,560,101,459
9161,560,101,459
9165,560,101,459
9169,561,101,460
9179,561,101,460
9190,562,101,461
9191,562,101,461
9193,562,101,461
9206,562,101,461
9217,562,101,461
9218,562,101,461
9246,562,101,461
9251,562,101,461
9273,563,101,462
9298,563,101,462
9301,563,101,462
9329,563,101,462
9345,563,101,462
9354,565,101,464
9382,565,101,464
9392,565,101,464
9408,565,101,464
9435,565,101,464
9442,565,101,464
9463,567,101,466
9488,567,101,466
9490,567,101,466
9491,567,101,466
9506,567,101,466
9520,567,101,466
9525,567,101,466
9537,567,101,466
9550,568,101,467
9579,569,101,468
9585,569,101,468
9608,569,101,468
9632,569,101,468
9638,570,101,469
9645,570,101,469
9662,570,101,469
9668,572,101,471
9680,572,101,471
9697,572,101,471
9698,573,101,472
9715,573,101,472
9727,573,101,472
9735,573,101,472
9753,573,101,472
9756,573,101,472
9771,574,101,473
9773,574,101,473
9782,574,101,473
9786,574,101,473
9790,574,101,473
9810,575,101,474
9817,575,101,474
9819,575,101,474
9821,575,101,474
9827,575,101,474
9838,575,101,474
9847,575,101,474
9848,576,101,475
9864,576,101,475
9865,576,101,475
9868,576,101,475
9878,576,101,475
9898,576,101,475
9906,576,101,475
9910,576,101,475
9925,576,101,475
9940,576,101,475
9946,576,101,475
9957,576,101,475
9958,576,101,475
9972,577,101,476
9987,577,101,476
9988,577,101,476
10003,578,101,477
10006,578,101,477
10017,578,101,477
10028,578,101,477
10033,578,101,477
10049,578,101,477
10052,578,101,477
10064,578,101,477
10070,578,101,477
10080,578,101,477
10094,578,101,477
10101,578,101,477
10112,578,101,477
10124,579,101,478
10142,579,101,478
10143,579,101,478
10149,579,101,478
10156,581,101,480
10166,581,101,480
10171,581,101,480
10186,581,101,480
10189,582,101,481
10197,582,101,481
10198,582,101,481
10205,582,101,481
10212,582,101,481
10217,582,101,481
10235,582,101,481
10238,582,101,481
10246,582,101,481
10249,584,101,483
10259,584,101,483
10266,584,101,483
10280,584,101,483
10282,584,101,483
10293,584,101,483
10296,584,101,483
10305,584,101,483
10311,584,101,483
10322,585,101,484
10327,585,101,484
10328,585,101,484
10330,585,101,484
10340,585,101,484
10353,585,101,484
10357,585,101,484
10372,585,101,484
10380,585,101,484
10385,585,101,484
10405,585,101,484
10408,585,101,484
10414,585,101,484
10415,585,101,484
10429,586,101,485
10431,586,101,485
10444,586,101,485
10448,587,101,486
10453,588,101,487
10459,588,101,487
10462,588,101,487
10467,588,101,487
10476,588,101,487
10480,588,101,487
10481,588,101,487
10487,588,101,487
10499,588,101,487
10501,589,101,488
10518,589,101,488
10522,590,101,489
10529,590,101,489
10537,590,101,489
10544,592,101,491
10555,592,101,491
10573,592,101,491
10580,592,101,491
10584,592,101,491
10591,592,101,491
10609,592,101,491
10626,592,101,491
10628,593,101,492
10629,593,101,492
10646,593,101,492
10664,593,101,492
10669,593,101,492
10681,593,101,492
10682,593,101,492
10690,593,101,492
10700,593,101,492
10709,593,101,492
10713,593,101,492
10717,593,101,492
10728,593,101,492
10733,593,101,492
10736,593,101,492
10754,593,101,492
10757,593,101,492
10772,593,101,492
10791,594,101,493
10803,594,101,493
10809,595,101,494
10828,595,101,494
10845,595,101,494
10847,596,101,495
10865,596,101,495
10885,596,101,495
10892,596,101,495
10905,596,101,495
10925,596,101,495
10937,596,101,495
10945,596,101,495
10965,596,101,495
10983,596,101,495
10985,596,101,495
11005,596,101,495
11026,597,101,496
11030,598,101,497
11047,598,101,497
11068,598,101,497
11076,598,101,497
11089,598,101,497
11111,599,101,498
11123,599,101,498
11132,599,101,498
11152,599,101,498
11164,599,101,498
11174,599,101,498
11195,599,101,498
11211,599,101,498
11216,600,101,499
11237,600,101,499
11257,600,101,499
11258,601,101,500
11278,601,101,500
11298,601,101,500
11303,601,101,500
11319,601,101,500
11340,603,101,502
11346,603,101,502
11347,603,101,502
11360,603,101,502
11375,603,101,502
11380,603,101,502
11391,603,101,502
11401,603,101,502
11406,603,101,502
11421,604,101,503
11435,604,101,503
11438,604,101,503
11441,604,101,503
11448,604,101,503
11463,604,101,503
11468,604,101,503
11471,604,101,503
11483,604,101,503
11485,607,101,506
11495,608,101,507
11496,608,101,507
11507,610,101,509
11519,611,101,510
11527,611,101,510
11531,611,101,510
11543,611,101,510
11553,611,101,510
11558,611,101,510
11568,611,101,510
11574,611,101,510
11577,612,101,511
11587,612,101,511
11599,613,101,512
11619,613,101,512
11621,613,101,512
11645,613,101,512
11647,614,101,513
11652,614,101,513
11665,614,101,513
11666,614,101,513
11669,614,101,513
11684,614,101,513
11693,614,101,513
11712,614,101,513
11715,614,101,513
11735,614,101,513
11738,614,101,513
11745,614,101,513
11756,614,101,513
11762,614,101,513
11780,614,101,513
11786,614,101,513
11805,614,101,513
11815,614,101,513
11835,614,101,513
11847,614,101,513
11850,614,101,513
11879,614,101,513
11886,614,101,513
11898,615,101,514
11912,615,101,514
11936,615,101,514
11946,615,101,514
11947,615,101,514
11976,615,101,514
11985,615,101,514
11992,615,101,514
12006,615,101,514
12033,615,101,514
12038,615,101,514
12039,615,101,514
12070,615,101,514
12080,615,101,514
12087,615,101,514
12101,615,101,514
12129,615,101,514
12130,615,101,514
12139,615,101,514
12167,615,101,514
12176,615,101,514
12191,615,101,514
12202,615,101,514
12224,615,101,514
12234,615,101,514
12243,615,101,514
12267,615,101,514
12274,615,101,514
12297,615,101,514
12300,615,101,514
12309,615,101,514
12325,615,101,514
12335,615,101,514
12345,615,101,514
12369,615,101,514
12376,615,101,514
12398,615,101,514
12402,615,101,514
12425,615,101,514
12438,615,101,514
12455,615,101,514
12474,615,101,514
12475,615,101,514
12495,615,101,514
12506,615,101,514
12510,615,101,514
12520,615,101,514
12527,615,101,514
12545,615,101,514
12559,615,101,514
12570,615,101,514
12578,615,101,514
12584,615,101,514
12588,615,101,514
12596,615,101,514
12609,615,101,514
12619,615,101,514
12621,615,101,514
12630,616,101,515
12646,616,101,515
12651,616,101,515
12667,617,101,516
12672,617,101,516
12683,617,101,516
12685,617,101,516
12687,617,101,516
12697,617,101,516
12711,617,101,516
12720,617,101,516
12722,617,101,516
12723,617,101,516
12734,617,101,516
12735,617,101,516
12745,617,101,516
12757,617,101,516
12759,617,101,516
12771,618,101,517
12773,618,101,517
12781,618,101,517
12786,618,101,517
12795,618,101,517
12803,618,101,517
12819,618,101,517
12826,619,101,518
12827,619,101,518
12832,619,101,518
12841,619,101,518
12845,620,101,519
12850,620,101,519
12869,620,101,519
12872,620,101,519
12874,620,101,519
12894,620,101,519
12895,620,101,519
12897,620,101,519
12916,620,101,519
12920,620,101,519
12922,620,101,519
12926,620,101,519
12946,620,101,519
12947,620,101,519
12954,620,101,519
12970,620,101,519
12971,620,101,519
12978,621,101,520
12991,621,101,520
12995,621,101,520
12998,621,101,520
12999,621,101,520
13019,621,101,520
13024,621,101,520
13031,621,101,520
13044,621,101,520
13049,621,101,520
13050,621,101,520
13067,621,101,520
13071,621,101,520
13076,621,101,520
13092,621,101,520
13099,621,101,520
13102,621,101,520
13108,621,101,520
13116,621,101,520
13128,621,101,520
13141,621,101,520
13148,621,101,520
13150,621,101,520
13156,621,101,520
13165,621,101,520
13182,621,101,520
13186,621,101,520
13191,622,101,521
13201,622,101,521
13208,622,101,521
13216,623,101,522
13222,623,101,522
13229,623,101,522
13235,623,101,522
13241,623,101,522
13252,623,101,522
13260,623,101,522
13261,623,101,522
13266,623,101,522
13288,624,101,523
13294,624,101,523
13302,624,101,523
13309,624,101,523
13317,625,101,524
13318,625,101,524
13343,625,101,524
13344,625,101,524
13346,625,101,524
13362,625,101,524
13368,625,101,524
13374,625,101,524
13384,625,101,524
13393,626,101,525
13404,626,101,525
13414,626,101,525
13419,626,101,525
13422,626,101,525
13430,628,101,527
13447,629,101,528
13461,629,101,528
13463,629,101,528
13467,629,101,528
13475,629,101,528
13490,630,101,529
13501,630,101,529
13519,630,101,529
13520,630,101,529
13527,630,101,529
13541,630,101,529
13550,630,101,529
13553,630,101,529
13572,630,101,529
13579,631,101,530
13580,631,101,530
13606,632,101,531
13607,632,101,531
13617,632,101,531
13625,632,101,531
13633,632,101,531
13636,632,101,531
13655,632,101,531
13661,632,101,531
13667,632,101,531
13679,632,101,531
13690,632,101,531
13696,632,101,531
13718,632,101,531
13725,632,101,531
13733,632,101,531
13738,632,101,531
13746,632,101,531
13756,633,101,532
13775,633,101,532
13782,633,101,532
13790,633,101,532
13803,633,101,532
13821,633,101,532
13830,633,101,532
13849,633,101,532
13858,633,101,532
13859,633,101,532
13888,634,101,533
13901,634,101,533
13907,634,101,533
13918,635,101,534
13941,635,101,534
13946,635,101,534
13966,635,101,534
13977,635,101,534
13984,635,101,534
13990,635,101,534
14007,635,101,534
14024,635,101,534
14025,635,101,534
14037,635,101,534
14053,635,101,534
14068,635,101,534
14069,635,101,534
14083,635,101,534
14098,635,101,534
14110,635,101,534
14114,635,101,534
14128,635,101,534
14141,635,101,534
14151,635,101,534
14153,635,101,534
14157,635,101,534
14172,636,101,535
14178,636,101,535
14190,636,101,535
14193,636,101,535
14201,636,101,535
14220,636,101,535
14241,637,101,536
14242,637,101,536
14251,638,101,537
14262,638,101,537
14283,638,101,537
14287,638,101,537
14306,638,101,537
14311,639,101,538
14323,639,101,538
14332,639,101,538
14343,639,101,538
14365,639,101,538
14375,639,101,538
14379,640,101,539
14383,640,101,539
14407,640,101,539
14422,640,101,539
14430,640,101,539
14437,641,101,540
14446,641,101,540
14468,641,101,540
14493,641,101,540
14499,641,101,540
14506,641,101,540
14516,641,101,540
14531,641,101,540
14558,641,101,540
14561,641,101,540
14562,642,101,541
14564,642,101,541
14596,642,101,541
14608,642,101,541
14620,642,101,541
14623,642,101,541
14627,642,101,541
14652,642,101,541
14660,642,101,541
14682,642,101,541
14687,642,101,541
14689,642,101,541
14691,643,101,542
14696,643,101,542
14720,643,101,542
14724,643,101,542
14744,643,101,542
14749,643,101,542
14754,643,101,542
14756,643,101,542
14786,643,101,542
14789,643,101,542
14791,643,101,542
14807,643,101,542
14809,643,101,542
14819,643,101,542
14822,643,101,542
14838,643,101,542
14853,643,101,542
14856,643,101,542
14866,643,101,542
14867,643,101,542
14883,643,101,542
14886,643,101,542
14890,643,101,542
14918,643,101,542
14924,644,101,543
14927,644,101,543
14930,644,101,543
14931,644,101,543
14951,644,101,543
14958,644,101,543
14978,644,101,543
14987,644,101,543
14988,644,101,543
14994,644,101,543
15020,644,101,543
15023,644,101,543
15027,644,101,543
15046,644,101,543
15053,644,101,543
15057,644,101,543
15061,644,101,543
15070,644,101,543
15088,644,101,543
15094,645,101,544
15096,645,101,544
15104,645,101,544
15114,645,101,544
15116,645,101,544
15120,645,101,544
15124,645,101,544
15129,646,101,545
15161,646,101,545
15162,646,101,545
15164,646,101,545
15188,646,101,545
15197,646,101,545
15198,648,101,547
15209,649,101,548
15226,649,101,548
15233,649,101,548
15251,649,101,548
15257,649,101,548
15267,649,101,548
15269,649,101,548
15286,649,101,548
15299,650,101,549
15307,650,101,549
15311,650,101,549
15317,650,101,549
15334,650,101,549
15352,650,101,549
15355,650,101,549
15356,650,101,549
15368,650,101,549
15376,650,101,549
15403,650,101,549
15405,650,101,549
15407,650,101,549
15413,650,101,549
15438,650,101,549
15440,651,101,550
15451,651,101,550
15456,651,101,550
15475,651,101,550
15476,651,101,550
15499,651,101,550
15504,651,101,550
15505,651,101,550
15512,651,101,550
15538,651,101,550
15548,651,101,550
15552,651,101,550
15554,651,101,550
15568,651,101,550
15585,651,101,550
15600,651,101,550
15601,651,101,550
15604,651,101,550
15620,651,101,550
15632,651,101,550
15649,651,101,550
15652,651,101,550
15656,651,101,550
15663,651,101,550
15693,651,101,550
15696,651,101,550
15698,651,101,550
15702,651,101,550
15729,651,101,550
15731,651,101,550
15745,651,101,550
15749,651,101,550
15760,651,101,550
15767,651,101,550
15793,651,101,550
15796,652,101,551
15803,652,101,551
15806,652,101,551
15826,653,101,552
15837,653,101,552
15842,653,101,552
15845,653,101,552
15857,653,101,552
15873,654,101,553
15881,654,101,553
15892,654,101,553
15910,654,101,553
15917,654,101,553
15924,654,101,553
15942,654,101,553
15949,654,101,553
15954,654,101,553
15962,654,101,553
15987,654,101,553
15990,654,101,553
15992,654,101,553
16024,654,101,553
16028,654,101,553
16029,654,101,553
16036,654,101,553
16039,654,101,553
16057,654,101,553
16058,654,101,553
16062,654,101,553
16067,656,101,555
16078,656,101,555
16088,656,101,555
16096,656,101,555
16097,656,101,555
16107,656,101,555
16123,656,101,555
16132,656,101,555
16136,656,101,555
16145,656,101,555
16163,656,101,555
16170,656,101,555
16184,656,101,555
16185,656,101,555
16189,656,101,555
16208,656,101,555
16227,658,101,557
16234,658,101,557
16235,658,101,557
16243,658,101,557
16246,658,101,557
16255,658,101,557
16266,658,101,557
16282,658,101,557
16291,658,101,557
16300,658,101,557
16305,658,101,557
16317,658,101,557
16319,658,101,557
16343,658,101,557
16345,658,101,557
16354,658,101,557
16373,659,101,558
16381,661,101,560
16384,661,101,560
16391,661,101,560
16395,661,101,560
16420,661,101,560
16434,661,101,560
16444,661,101,560
16446,662,101,561
16447,662,101,561
16457,665,101,564
16474,666,101,565
16495,666,101,565
16500,666,101,565
16511,666,101,565
16513,666,101,565
16516,666,101,565
16535,666,101,565
16555,666,101,565
16574,666,101,565
16578,666,101,565
16587,667,101,566
16607,667,101,566
16614,667,101,566
16644,667,101,566
16653,667,101,566
16654,667,101,566
16659,667,101,566
16694,667,101,566
16711,667,101,566
16713,667,101,566
16725,667,101,566
16734,667,101,566
16770,667,101,566
16773,667,101,566
16779,667,101,566
16798,667,101,566
16814,667,101,566
16824,667,101,566
16844,667,101,566
16857,667,101,566
16866,667,101,566
16879,667,101,566
16898,667,101,566
16910,667,101,566
16931,667,101,566
16938,667,101,566
16939,667,101,566
16978,667,101,566
16981,669,101,568
16982,669,101,568
16999,670,101,569
17002,670,101,569
17021,670,101,569
17032,670,101,569
17044,670,101,569
17061,670,101,569
17083,670,101,569
17101,670,101,569
17118,670,101,569
17131,670,101,569
17144,670,101,569
17166,670,101,569
17178,670,101,569
17180,670,101,569
17186,670,101,569
17187,670,101,569
17208,670,101,569
17229,670,101,569
17230,670,101,569
17236,670,101,569
17251,671,101,570
17271,671,101,570
17273,674,101,573
17283,674,101,573
17293,674,101,573
17296,674,101,573
17313,674,101,573
17315,676,101,575
17334,676,101,575
17336,676,101,575
17355,676,101,575
17356,676,101,575
17358,677,101,576
17386,677,101,576
17402,678,101,577
17414,678,101,577
17435,678,101,577
17442,679,101,578
17457,679,101,578
17476,679,101,578
17485,679,101,578
17486,679,101,578
17498,679,101,578
17528,679,101,578
17534,679,101,578
17538,679,101,578
17572,679,101,578
17578,680,101,579
17589,680,101,579
17597,680,101,579
17616,680,101,579
17622,680,101,579
17641,680,101,579
17659,680,101,579
17660,680,101,579
17694,680,101,579
17699,680,101,579
17702,680,101,579
17720,680,101,579
17739,680,101,579
17746,680,101,579
17748,681,101,580
17780,681,101,580
17783,681,101,580
17787,682,101,581
17798,682,101,581
17823,682,101,581
17833,682,101,581
17841,682,101,581
17850,682,101,581
17867,682,101,581
17877,682,101,581
17900,682,101,581
17903,682,101,581
17909,682,101,581
17921,683,101,582
17923,683,101,582
17943,683,101,582
17951,683,101,582
17956,683,101,582
17963,683,101,582
17965,683,101,582
17967,683,101,582
17985,683,101,582
17991,683,101,582
18008,683,101,582
18009,683,101,582
18010,683,101,582
18011,683,101,582
18023,683,101,582
18029,684,101,583
18034,685,101,584
18051,685,101,584
18058,685,101,584
18065,685,101,584
18074,685,101,584
18076,685,101,584
18077,685,101,584
18086,685,101,584
18095,686,101,585
18104,687,101,586
18116,687,101,586
18117,687,101,586
18121,687,101,586
18140,687,101,586
18144,687,101,586
18148,687,101,586
18151,687,101,586
18155,687,101,586
18162,688,101,587
18175,688,101,587
18185,689,101,588
18195,689,101,588
18198,689,101,588
18207,689,101,588
18212,689,101,588
18230,689,101,588
18231,689,101,588
18236,689,101,588
18245,691,101,590
18253,691,101,590
18271,691,101,590
18275,691,101,590
18276,691,101,590
18280,691,101,590
18285,691,101,590
18291,691,101,590
18297,691,101,590
18315,691,101,590
18322,691,101,590
18331,691,101,590
18338,692,101,591
18341,692,101,591
18345,692,101,591
18348,692,101,591
18356,693,101,592
18369,694,101,593
18383,694,101,593
18391,694,101,593
18394,695,101,594
18397,695,101,594
18420,695,101,594
18421,695,101,594
18429,696,101,595
18435,696,101,595
18444,696,101,595
18451,696,101,595
18457,696,101,595
18470,696,101,595
18476,696,101,595
18482,696,101,595
18490,696,101,595
18494,697,101,596
18508,697,101,596
18513,697,101,596
18520,698,101,597
18521,698,101,597
18530,698,101,597
18545,699,101,598
18560,699,101,598
18568,699,101,598
18569,701,101,600
18572,703,101,602
18597,703,101,602
18615,703,101,602
18616,703,101,602
18623,703,101,602
18625,703,101,602
18629,703,101,602
18631,703,101,602
18649,704,101,603
18656,704,101,603
18661,704,101,603
18675,704,101,603
18684,704,101,603
18688,704,101,603
18696,704,101,603
18698,704,101,603
18701,704,101,603
18710,704,101,603
18728,704,101,603
18739,704,101,603
18740,704,101,603
18743,705,101,604
18754,705,101,604
18755,705,101,604
18766,705,101,604
18780,705,101,604
18781,705,101,604
18798,705,101,604
18800,705,101,604
18801,705,101,604
18807,705,101,604
18824,705,101,604
18832,705,101,604
18835,705,101,604
18847,705,101,604
18857,705,101,604
18858,705,101,604
18859,705,101,604
18885,705,101,604
18893,705,101,604
18904,706,101,605
18912,706,101,605
18916,706,101,605
18918,706,101,605
18938,706,101,605
18941,706,101,605
18965,706,101,605
18969,706,101,605
18974,706,101,605
18977,706,101,605
18991,707,101,606
19018,707,101,606
19034,707,101,606
19037,707,101,606
19039,708,101,607
19040,709,101,608
19043,709,101,608
19070,709,101,608
19089,709,101,608
19093,709,101,608
19098,710,101,609
19106,710,101,609
19124,710,101,609
19136,710,101,609
19149,710,101,609
19150,710,101,609
19156,711,101,610
19175,711,101,610
19176,712,101,611
19178,714,101,613
19185,714,101,613
19202,714,101,613
19207,714,101,613
19213,714,101,613
19230,715,101,614
19234,715,101,614
19246,715,101,614
19257,715,101,614
19273,715,101,614
19275,716,101,615
19286,716,101,615
19287,716,101,615
19315,717,101,616
19316,717,101,616
19337,717,101,616
19345,717,101,616
19377,717,101,616
19388,717,101,616
19389,717,101,616
19393,717,101,616
19402,717,101,616
19407,717,101,616
19437,717,101,616
19438,717,101,616
19457,717,101,616
19458,717,101,616
19463,717,101,616
19468,717,101,616
19490,717,101,616
19497,717,101,616
19519,717,101,616
19527,717,101,616
19528,718,101,617
19532,718,101,617
19543,718,101,617
19558,718,101,617
19581,718,101,617
19590,718,101,617
19591,718,101,617
19595,718,101,617
19605,718,101,617
19621,718,101,617
19644,718,101,617
19650,718,101,617
19653,718,101,617
19656,718,101,617
19677,718,101,617
19684,718,101,617
19703,718,101,617
19712,718,101,617
19715,718,101,617
19746,718,101,617
19748,718,101,617
19766,718,101,617
19768,718,101,617
19775,718,101,617
19779,718,101,617
19812,718,101,617
19814,718,101,617
19820,718,101,617
19830,718,101,617
19834,718,101,617
19843,718,101,617
19857,718,101,617
19875,718,101,617
19893,718,101,617
19895,718,101,617
19901,718,101,617
19907,718,101,617
19940,718,101,617
19953,718,101,617
19954,718,101,617
19968,718,101,617
19971,718,101,617
20004,718,101,617
20014,718,101,617
20015,718,101,617
20036,719,101,618
20042,719,101,618
20068,719,101,618
20074,720,101,619
20077,720,101,619
20100,721,101,620
20118,721,101,620
20123,722,101,621
20134,723,101,622
20136,723,101,622
20142,723,101,622
20168,723,101,622
20190,723,101,622
20196,723,101,622
20200,723,101,622
20204,723,101,622
20232,723,101,622
20260,723,101,622
20263,723,101,622
20264,723,101,622
20266,723,101,622
20298,723,101,622
20322,723,101,622
20329,723,101,622
20331,723,101,622
20337,723,101,622
20365,723,101,622
20384,723,101,622
20390,723,101,622
20398,724,101,623
20409,724,101,623
20433,724,101,623
20444,724,101,623
20449,724,101,623
20467,724,101,623
20482,724,101,623
20501,724,101,623
20507,724,101,623
20535,724,101,623
20554,724,101,623
20565,724,101,623
20570,724,101,623
20601,724,101,623
20604,724,101,623
20622,724,101,623
20627,724,101,623
20639,724,101,623
20653,724,101,623
20673,724,101,623
20681,724,101,623
20696,724,101,623
20704,724,101,623
20708,724,101,623
20740,724,101,623
20742,724,101,623
20757,724,101,623
20767,724,101,623
20778,724,101,623
20802,724,101,623
20808,724,101,623
20813,724,101,623
20838,724,101,623
20843,724,101,623
20848,724,101,623
20861,724,101,623
20864,724,101,623
20886,724,101,623
20912,724,101,623
20913,724,101,623
20921,724,101,623
20927,724,101,623
20928,724,101,623
20957,724,101,623
20964,724,101,623
20971,724,101,623
20987,724,101,623
20989,724,101,623
20995,725,101,624
21015,725,101,624
21030,725,101,624
21045,725,101,624
21051,725,101,624
21062,725,101,624
21066,725,101,624
21069,725,101,624
21101,725,101,624
21107,725,101,624
21120,725,101,624
21137,725,101,624
21139,725,101,624
21167,725,101,624
21174,725,101,624
21176,725,101,624
21207,725,101,624
21215,725,101,624
21231,725,101,624
21232,725,101,624
21242,725,101,624
21278,725,101,624
21286,725,101,624
21290,725,101,624
21291,725,101,624
21312,725,101,624
21342,725,101,624
21348,725,101,624
21354,725,101,624
21364,725,101,624
21385,725,101,624
21397,726,101,625
21405,726,101,625
21410,726,101,625
21422,726,101,625
21439,726,101,625
21451,726,101,625
21456,726,101,625
21463,726,101,625
21467,726,101,625
21492,726,101,625
21505,726,101,625
21517,726,101,625
21522,726,101,625
21527,726,101,625
21528,726,101,625
21561,726,101,625
21565,726,101,625
21582,727,101,626
21592,727,101,626
21596,727,101,626
21601,727,101,626
21607,728,101,627
21615,728,101,627
21639,728,101,627
21644,728,101,627
21665,728,101,627
21666,728,101,627
21669,729,101,628
21677,729,101,628
21708,729,101,628
21713,729,101,628
21723,729,101,628
21730,729,101,628
21744,729,101,628
21752,729,101,628
21770,729,101,628
21779,729,101,628
21789,729,101,628
21792,729,101,628
21819,729,101,628
21831,729,101,628
21833,729,101,628
21856,729,101,628
21888,729,101,628
21889,729,101,628
21894,729,101,628
21916,729,101,628
21926,729,101,628
21946,729,101,628
21950,730,101,629
21959,730,101,629
21969,730,101,629
21991,730,101,629
22002,730,101,629
22005,730,101,629
22014,730,101,629
22042,730,101,629
22044,730,101,629
22060,730,101,629
22075,731,101,630
22091,731,101,630
22115,731,101,630
22119,731,101,630
22125,731,101,630
22136,731,101,630
22142,731,101,630
22175,731,101,630
22181,731,101,630
22189,731,101,630
22194,731,101,630
22204,731,101,630
22228,731,101,630
22233,731,101,630
22254,731,101,630
22268,732,101,631
22273,732,101,631
22290,732,101,631
22318,732,101,631
22325,732,101,631
22331,732,101,631
22343,732,101,631
22344,732,101,631
22365,732,101,631
22388,732,101,631
22394,732,101,631
22401,732,101,631
22408,732,101,631
22419,732,101,631
22452,732,101,631
22454,732,101,631
22456,732,101,631
22457,732,101,631
22496,732,101,631
22498,732,101,631
22514,732,101,631
22516,733,101,632
22522,733,101,632
22530,733,101,632
22543,733,101,632
22552,735,101,634
22571,735,101,634
22574,735,101,634
22575,735,101,634
22577,735,101,634
22587,735,101,634
22589,735,101,634
22629,735,101,634
22633,735,101,634
22638,735,101,634
22654,735,101,634
22657,735,101,634
22680,735,101,634
22688,735,101,634
22698,736,101,635
22727,736,101,635
22728,736,101,635
22730,736,101,635
22733,736,101,635
22745,736,101,635
22759,736,101,635
22762,736,101,635
22777,736,101,635
22798,736,101,635
22799,736,101,635
22804,736,101,635
22817,736,101,635
22818,736,101,635
22823,738,101,637
22838,738,101,637
22861,738,101,637
22869,738,101,637
22870,738,101,637
22875,738,101,637
22881,738,101,637
22899,738,101,637
22909,738,101,637
22915,738,101,637
22920,738,101,637
22941,738,101,637
22942,738,101,637
22943,738,101,637
22963,738,101,637
22978,738,101,637
22980,738,101,637
22999,738,101,637
23011,738,101,637
23016,738,101,637
23036,738,101,637
23053,738,101,637
23055,738,101,637
23056,738,101,637
23060,738,101,637
23086,738,101,637
23090,738,101,637
23095,738,101,637
23108,738,101,637
23116,738,101,637
23129,738,101,637
23135,738,101,637
23150,738,101,637
23156,738,101,637
23157,738,101,637
23166,738,101,637
23178,739,101,638
23204,739,101,638
23206,739,101,638
23207,739,101,638
23215,739,101,638
23228,739,101,638
23240,739,101,638
23243,739,101,638
23256,739,101,638
23261,739,101,638
23283,739,101,638
23296,739,101,638
23299,739,101,638
23301,739,101,638
23304,739,101,638
23318,739,101,638
23322,739,101,638
23354,739,101,638
23357,739,101,638
23362,739,101,638
23373,739,101,638
23375,739,101,638
23379,739,101,638
23402,739,101,638
23405,739,101,638
23416,739,101,638
23427,739,101,638
23444,739,101,638
23446,739,101,638
23456,739,101,638
23458,739,101,638
23477,739,101,638
23483,739,101,638
23485,739,101,638
23498,739,101,638
23510,739,101,638
23517,739,101,638
23519,740,101,639
23525,740,101,639
23540,740,101,639
23543,743,101,642
23544,743,101,642
23545,743,101,642
23563,743,101,642
23566,743,101,642
23568,743,101,642
23587,743,101,642
23591,745,101,644
23603,745,101,644
23604,746,101,645
23609,746,101,645
23612,746,101,645
23615,746,101,645
23628,746,101,645
23640,747,101,646
23650,747,101,646
23656,747,101,646
23664,747,101,646
23666,747,101,646
23689,749,101,648
23691,749,101,648
23710,749,101,648
23713,752,101,651
23715,752,101,651
23721,752,101,651
23722,752,101,651
23731,752,101,651
23738,752,101,651
23763,752,101,651
23767,752,101,651
23773,752,101,651
23782,753,101,652
23788,753,101,652
23794,753,101,652
23805,753,101,652
23813,753,101,652
23814,753,101,652
23820,753,101,652
23839,753,101,652
23844,753,101,652
23846,754,101,653
23855,754,101,653
23865,755,101,654
23873,755,101,654
23877,755,101,654
23879,755,101,654
23890,755,101,654
23898,755,101,654
23905,755,101,654
23911,755,101,654
23916,756,101,655
23924,756,101,655
23939,756,101,655
23942,757,101,656
23952,757,101,656
23960,757,101,656
23966,757,101,656
23969,758,101,657
23973,758,101,657
23982,758,101,657
23997,759,101,658
24025,760,101,659
24026,760,101,659
24027,760,101,659
24028,760,101,659
24035,760,101,659
24045,760,101,659
24053,761,101,660
24067,761,101,660
24076,761,101,660
24080,763,101,662
24089,763,101,662
24096,763,101,662
24101,763,101,662
24108,763,101,662
24110,763,101,662
24125,763,101,662
24130,763,101,662
24135,763,101,662
24153,763,101,662
24161,763,101,662
24163,765,101,664
24171,765,101,664
24191,765,101,664
24195,766,101,665
24213,766,101,665
24216,766,101,665
24217,766,101,665
24230,766,101,665
24238,766,101,665
24241,766,101,665
24243,766,101,665
24271,767,101,666
24280,767,101,666
24281,767,101,666
24298,767,101,666
24299,768,101,667
24303,768,101,667
24311,768,101,667
24317,768,101,667
24325,768,101,667
24345,768,101,667
24353,768,101,667
24359,768,101,667
24377,768,101,667
24381,769,101,668
24398,769,101,668
24407,769,101,668
24408,769,101,668
24437,769,101,668
24440,769,101,668
24443,769,101,668
24452,769,101,668
24465,770,101,669
24467,770,101,669
24468,770,101,669
24481,770,101,669
24493,771,101,670
24511,771,101,670
24522,772,101,671
24523,772,101,671
24525,772,101,671
24529,772,101,671
24549,772,101,671
24552,772,101,671
24564,773,101,672
24573,773,101,672
24577,775,101,674
24592,775,101,674
24599,775,101,674
24605,775,101,674
24606,776,101,675
24636,777,101,676
24637,777,101,676
24644,777,101,676
24647,778,101,677
24656,778,101,677
24667,778,101,677
24671,778,101,677
24687,778,101,677
24707,778,101,677
24713,779,101,678
24718,779,101,678
24721,779,101,678
24729,779,101,678
24746,779,101,678
24771,779,101,678
24781,779,101,678
24804,779,101,678
24814,779,101,678
24819,779,101,678
24840,779,101,678
24856,779,101,678
24888,779,101,678
24896,779,101,678
24901,779,101,678
24902,779,101,678
24947,779,101,678
24967,779,101,678
24970,779,101,678
24974,779,101,678
24991,779,101,678
25032,779,101,678
25034,779,101,678
25042,779,101,678
25060,779,101,678
25075,779,101,678
25079,779,101,678
25092,779,101,678
25115,779,101,678
25124,779,101,678
25125,779,101,678
25145,779,101,678
25155,779,101,678
25171,779,101,678
25173,779,101,678
25188,779,101,678
25218,780,101,679
25225,780,101,679
25233,780,101,679
25259,780,101,679
25264,780,101,679
25275,780,101,679
25283,780,101,679
25311,780,101,679
25315,780,101,679
25325,780,101,679
25333,780,101,679
25345,781,101,680
25359,781,101,680
25377,781,101,680
25398,781,101,680
25407,781,101,680
25408,781,101,680
25409,781,101,680
25431,781,101,680
25457,782,101,681
25472,782,101,681
25481,782,101,681
25482,782,101,681
25505,783,101,682
25532,783,101,682
25535,783,101,682
25550,783,101,682
25553,783,101,682
25566,783,101,682
25584,783,101,682
25597,783,101,682
25598,784,101,683
25604,784,101,683
25624,784,101,683
25628,784,101,683
25633,784,101,683
25649,784,101,683
25653,784,101,683
25658,785,101,684
25665,785,101,684
25685,785,101,684
25688,785,101,684
25698,785,101,684
25703,785,101,684
25719,787,101,686
25731,787,101,686
25732,787,101,686
25740,787,101,686
25751,788,101,687
25756,788,101,687
25768,788,101,687
25781,788,101,687
25791,788,101,687
25796,788,101,687
25807,788,101,687
25812,789,101,688
25818,789,101,688
25841,789,101,688
25856,789,101,688
25862,789,101,688
25894,789,101,688
25902,789,101,688
25904,789,101,688
25913,789,101,688
25927,789,101,688
25947,789,101,688
25952,789,101,688
25983,789,101,688
25985,789,101,688
25990,789,101,688
26001,789,101,688
26002,789,101,688
26050,789,101,688
26052,789,101,688
26054,789,101,688
26071,789,101,688
26100,789,101,688
26103,789,101,688
26119,789,101,688
26131,789,101,688
26152,789,101,688
26156,789,101,688
26161,789,101,688
26188,789,101,688
26201,789,101,688
26207,789,101,688
26208,789,101,688
26250,789,101,688
26253,789,101,688
26262,789,101,688
26280,789,101,688
26299,789,101,688
26315,789,101,688
26318,789,101,688
26339,789,101,688
26350,789,101,688
26351,789,101,688
26368,789,101,688
26384,789,101,688
26398,789,101,688
26420,789,101,688
26422,789,101,688
26425,789,101,688
26445,789,101,688
26446,789,101,688
26475,789,101,688
26492,789,101,688
26498,789,101,688
26510,789,101,688
26512,789,101,688
26526,789,101,688
26547,789,101,688
26564,789,101,688
26575,789,101,688
26580,789,101,688
26598,789,101,688
26631,789,101,688
26636,789,101,688
26641,789,101,688
26648,789,101,688
26682,789,101,688
26687,789,101,688
26698,790,101,689
26709,790,101,689
26739,790,101,689
26742,790,101,689
26748,790,101,689
26766,790,101,689
26768,790,101,689
26772,792,101,691
26775,792,101,691
26792,792,101,691
26800,792,101,691
26804,793,101,692
26834,793,101,692
26838,793,101,692
26840,793,101,692
26844,793,101,692
26850,793,101,692
26853,793,101,692
26864,795,101,694
26895,795,101,694
26899,795,101,694
26902,795,101,694
26903,795,101,694
26914,795,101,694
26927,795,101,694
26932,795,101,694
26951,795,101,694
26953,795,101,694
26959,796,101,695
26966,796,101,695
26984,796,101,695
26988,797,101,696
27006,797,101,696
27010,798,101,697
27018,798,101,697
27020,798,101,697
27033,798,101,697
27051,798,101,697
27056,798,101,697
27060,798,101,697
27063,798,101,697
27083,799,101,698
27102,799,101,698
27105,799,101,698
27114,800,101,699
27116,800,101,699
27126,800,101,699
27147,802,101,701
27167,802,101,701
27169,802,101,701
27171,802,101,701
27178,802,101,701
27187,803,101,702
27192,803,101,702
27198,803,101,702
27224,803,101,702
27225,803,101,702
27234,803,101,702
27274,803,101,702
27278,803,101,702
27280,803,101,702
27283,803,101,702
27299,803,101,702
27334,804,101,703
27345,804,101,703
27363,804,101,703
27376,804,101,703
27387,806,101,705
27391,806,101,705
27423,806,101,705
27431,806,101,705
27442,806,101,705
27445,806,101,705
27467,806,101,705
27495,806,101,705
27496,806,101,705
27497,806,101,705
27505,807,101,706
27547,807,101,706
27552,807,101,706
27558,807,101,706
27561,807,101,706
27572,807,101,706
27601,807,101,706
27614,807,101,706
27627,807,101,706
27644,807,101,706
27645,807,101,706
27655,807,101,706
27672,807,101,706
27696,807,101,706
27708,807,101,706
27719,807,101,706
27726,807,101,706
27728,807,101,706
27766,807,101,706
27781,808,101,707
27793,808,101,707
27820,810,101,709
27821,810,101,709
27834,810,101,709
27837,810,101,709
27869,810,101,709
27877,810,101,709
27896,810,101,709
27899,810,101,709
27910,810,101,709
27932,810,101,709
27948,810,101,709
27955,811,101,710
27966,811,101,710
27985,811,101,710
27998,811,101,710
28012,811,101,710
28021,811,101,710
28033,811,101,710
28043,811,101,710
28065,811,101,710
28079,811,101,710
28099,812,101,711
28120,812,101,711
28158,812,101,711
28166,812,101,711
28171,812,101,711
28173,813,101,712
28214,813,101,712
28230,813,101,712
28240,813,101,712
28250,813,101,712
28271,813,101,712
28285,813,101,712
28308,813,101,712
28325,813,101,712
28342,813,101,712
28344,813,101,712
28380,813,101,712
28381,813,101,712
28396,813,101,712
28435,813,101,712
28441,813,101,712
28449,813,101,712
28490,814,101,713
28505,814,101,713
28519,814,101,713
28531,814,101,713
28546,814,101,713
28561,814,101,713
28593,814,101,713
28601,814,101,713
28618,814,101,713
28625,814,101,713
28658,814,101,713
28665,814,101,713
28669,814,101,713
28718,814,101,713
28719,814,101,713
28727,814,101,713
28738,814,101,713
28779,814,101,713
28787,814,101,713
28812,814,101,713
28833,814,101,713
28842,814,101,713
28894,814,101,713
28899,814,101,713
28905,814,101,713
28952,814,101,713
28956,814,101,713
28998,814,101,713
28999,814,101,713
29011,814,101,713
29015,814,101,713
29071,814,101,713
29072,814,101,713
29079,814,101,713
29092,814,101,713
29130,814,101,713
29131,814,101,713
29155,814,101,713
29187,814,101,713
29190,814,101,713
29192,814,101,713
29233,814,101,713
29246,814,101,713
29249,814,101,713
29287,814,101,713
29303,814,101,713
29305,814,101,713
29314,814,101,713
29361,814,101,713
29374,814,101,713
29380,814,101,713
29385,814,101,713
29421,814,101,713
29434,814,101,713
29456,814,101,713
29476,814,101,713
29479,814,101,713
29494,814,101,713
29535,814,101,713
29538,814,101,713
29556,814,101,713
29572,814,101,713
29596,814,101,713
29617,814,101,713
29654,814,101,713
29671,814,101,713
29679,814,101,713
29701,814,101,713
29710,814,101,713
29715,814,101,713
29743,814,101,713
29765,814,101,713
29780,814,101,713
29782,814,101,713
29788,814,101,713
29806,814,101,713
29841,814,101,713
29862,814,101,713
29865,814,101,713
29868,814,101,713
29903,814,101,713
29933,814,101,713
29937,814,101,713
29951,815,101,714
29963,815,101,714
29964,815,101,714
29996,815,101,714
30010,815,101,714
30028,816,101,715
30034,816,101,715
30065,816,101,715
30083,816,101,715
30094,816,101,715
30097,817,101,716
30115,817,101,716
30155,817,101,716
30192,817,101,716
30232,817,101,716
30277,817,101,716
30308,817,101,716
30360,817,101,716
30385,817,101,716
30443,817,101,716
30459,817,101,716
30525,817,101,716
30538,817,101,716
30604,817,101,716
30614,817,101,716
30688,817,101,716
30694,817,101,716
30766,817,101,716
30775,817,101,716
30845,817,101,716
30855,817,101,716
30918,817,101,716
30931,817,101,716
30952,817,101,716
30999,817,101,716
31009,818,101,717
31013,818,101,717
31074,818,101,717
31091,818,101,717
31133,818,101,717
31154,818,101,717
31170,818,101,717
31194,819,101,718
31230,819,101,718
31250,819,101,718
31254,819,101,718
31312,819,101,718
31313,819,101,718
31329,819,101,718
31373,819,101,718
31393,819,101,718
31412,819,101,718
31431,819,101,718
31471,819,101,718
31489,819,101,718
31490,819,101,718
31549,819,101,718
31557,819,101,718
31570,819,101,718
31612,819,101,718
31639,819,101,718
31650,819,101,718
31673,819,101,718
31720,819,101,718
31731,819,101,718
31736,819,101,718
31798,819,101,718
31801,819,101,718
31817,819,101,718
31859,819,101,718
31883,819,101,718
31898,819,101,718
31921,819,101,718
31968,819,101,718
31973,819,101,718
31984,819,101,718
32046,819,101,718
32049,819,101,718
32052,819,101,718
32111,819,101,718
32134,819,101,718
32172,819,101,718
32214,819,101,718
32232,819,101,718
32292,819,101,718
32296,819,101,718
32355,819,101,718
32377,819,101,718
32420,819,101,718
32459,819,101,718
32486,819,101,718
32541,819,101,718
32552,819,101,718
32613,819,101,718
32622,819,101,718
32673,819,101,718
32699,819,101,718
32737,819,101,718
32775,819,101,718
32801,819,101,718
32857,819,101,718
32864,819,101,718
32930,819,101,718
32939,819,101,718
32992,819,101,718
33020,819,101,718
33038,819,101,718
33055,819,101,718
33105,819,101,718
33115,819,101,718
33121,819,101,718
33178,819,101,718
33184,819,101,718
33211,819,101,718
33240,819,101,718
33265,819,101,718
33295,819,101,718
33302,819,101,718
33348,819,101,718
33367,819,101,718
33383,819,101,718
33428,819,101,718
33433,819,101,718
33474,819,101,718
33496,820,101,719
33560,820,101,719
33626,820,101,719
33649,820,101,719
33692,820,101,719
33737,820,101,719
33754,820,101,719
33817,820,101,719
33825,820,101,719
33884,820,101,719
33915,820,101,719
33948,820,101,719
34007,820,101,719
34011,820,101,719
34074,820,101,719
34095,821,101,720
34135,821,101,720
34187,821,101,720
34201,821,101,720
34264,821,101,720
34330,821,101,720
35295,821,101,720
35358,821,101,720
35419,821,101,720
35478,821,101,720
35545,821,101,720
35612,821,101,720
35680,821,101,720
35744,821,101,720
35807,821,101,720
35871,821,101,720
35938,821,101,720
36001,821,101,720
36063,821,101,720
36130,821,101,720
36194,821,101,720
36261,821,101,720
36326,821,101,720
36387,821,101,720
36455,821,101,720
36524,821,101,720
36589,821,101,720
36659,821,101,720
36729,821,101,720
36796,821,101,720
36862,821,101,720
36935,821,101,720
37003,821,101,720
37072,821,101,720
37142,821,101,720
37207,821,101,720
37275,821,101,720
37345,821,101,720
37412,821,101,720
37481,821,101,720
